날짜,시가,고가,저가,현재가,거래량
20080102,26000,26100,24800,24850,3440780
20080103,24400,24850,24100,24600,2770877
20080104,24500,24600,24000,24400,3164048
20080107,23500,23800,23350,23600,4062797
20080108,23400,23550,22950,23100,3245201
20080109,22650,23900,22550,23500,3217076
20080110,23700,24100,23300,23300,1980789
20080111,23850,24150,23350,23700,3832372
20080114,23800,23950,23150,23250,1868227
20080115,23750,23950,22600,22750,3431690
20080116,22300,22550,21800,21850,4795073
20080117,22300,24500,22200,24500,10714366
20080118,24100,25050,23800,24500,9942980
20080121,25000,25600,24900,25000,7523875
20080122,24400,25850,24000,25000,9745690
20080123,25900,26100,25000,25300,6163397
20080124,25900,26400,25650,26100,5131742
20080125,26100,26300,25000,25150,5772990
20080128,24700,25350,24150,24450,3506559
20080129,24900,25600,24650,25250,4308059
20080130,25600,26650,25450,26100,9025016
20080131,26200,26450,25350,26000,4468228
20080201,26050,26200,24850,25300,5957399
20080204,25900,26450,25700,26000,5335745
20080205,25900,26400,25750,26050,2539347
20080211,25550,26300,25350,26100,3825822
20080212,26450,27200,26100,26250,4783467
20080213,26550,26800,25750,25800,2743869
20080214,26400,26550,25800,26200,4234387
20080215,25800,26500,25600,26000,3354368
20080218,25550,25850,25300,25650,3023722
20080219,25900,25950,25250,25500,3222968
20080220,25350,25600,24500,24600,4093336
20080221,24950,25050,24500,24550,3190984
20080222,24200,24250,23500,23750,5641334
20080225,23850,24150,23300,23500,4647320
20080226,23750,23850,23100,23100,3754101
20080227,23400,24950,23300,24950,5583440
20080228,24700,25200,24300,24900,4076337
20080229,24750,24750,24300,24550,2448630
20080303,23850,24000,23300,23300,4473335
20080304,23700,23900,23300,23650,3972577
20080305,23800,24600,23750,24300,3918323
20080306,24400,25400,23900,24900,6740104
20080307,24400,24550,23950,24050,3371537
20080310,23550,24150,23500,23700,2244452
20080311,23600,24800,23300,24550,3165583
20080312,25400,25550,24500,24500,4104595
20080313,24500,24800,23800,23900,3069033
20080314,24300,24600,23550,23800,2458362
20080317,23350,24250,22750,24000,3966402
20080318,24000,24200,23550,24150,2744891
20080319,24650,24750,24100,24100,3362228
20080320,23800,24800,23600,24750,3304085
20080321,25200,26250,24950,26250,7573430
20080324,26200,26500,25850,26050,3381961
20080325,26550,26600,25900,25900,3046637
20080326,26150,26850,26100,26450,4662565
20080327,26000,26050,25300,25800,5285519
20080328,25550,26450,25550,26300,3121447
20080331,26500,28000,26500,27850,12337043
20080401,27650,28700,27250,27900,7407189
20080402,28800,28850,28150,28150,4544842
20080403,28450,28500,27850,28250,3046327
20080404,28350,28350,27600,28000,2774528
20080407,28000,28050,27350,27450,3686099
20080408,27600,27700,26750,26850,4726599
20080410,27150,27850,26950,27650,4927300
20080411,28000,28950,27950,28950,11133910
20080414,28550,29450,28350,28900,5397841
20080415,28550,28800,27600,27850,6857099
20080416,28350,28350,27750,27800,3704662
20080417,28700,28950,27950,28050,4626093
20080418,28300,28900,28200,28300,3338982
20080421,28750,29500,28700,29350,5874179
20080422,29800,30200,29450,29450,6268959
20080423,29450,30000,28750,28950,5245300
20080424,29300,29700,28200,28500,5910222
20080425,28300,28900,27900,28100,7947243
20080428,27050,27250,26500,26650,11741135
20080429,26900,27250,26600,26800,3654818
20080430,26650,26950,26400,26800,3156175
20080502,27650,28000,27400,27950,5879147
20080506,28200,28700,27950,28350,3790033
20080507,28450,28600,28000,28300,3764461
20080508,28250,29300,28200,29100,6404820
20080509,29700,29750,28800,29200,3870034
20080513,29200,29300,28700,29200,2644485
20080514,29250,29800,29250,29400,2837691
20080515,29450,30500,29450,30400,8450892
20080516,30800,31300,30500,30600,4756489
20080519,31000,31150,30350,30600,4020996
20080520,29350,30100,29200,29850,5436958
20080521,29550,30300,29400,30000,3053708
20080522,29700,30000,29000,29650,2973122
20080523,29900,29900,29100,29400,2759817
20080526,29000,29450,28550,28600,3771698
20080527,28850,29800,28650,29450,3667896
20080528,29700,29750,29300,29450,3229536
20080529,29650,30300,29600,29900,3042082
20080530,30350,31100,30000,31000,10127440
20080602,30900,30950,30250,30350,3055725
20080603,30350,30950,30000,30050,2862655
20080604,30500,30800,30200,30250,2531317
20080605,30600,31550,30500,31300,6289488
20080609,30700,31950,30600,31450,4808300
20080610,31650,31650,30900,31200,4087318
20080611,31200,31300,30650,31150,2463221
20080612,30000,30350,29200,29200,7259093
20080613,29250,29700,28650,29350,3991754
20080616,29900,30050,29150,29400,2139938
20080617,29100,29500,28400,28900,3319275
20080618,28550,28700,27850,28450,4139315
20080619,28050,28100,27600,27850,3138101
20080620,28250,28300,27150,27950,3854455
20080623,27550,28200,27150,27950,2690083
20080624,27700,28150,27250,27450,2075540
20080625,27500,27750,26700,27150,2791496
20080626,27700,27900,27100,27200,2468597
20080627,26450,26550,25850,25950,4516941
20080630,25800,25900,24900,25000,5483324
20080701,25100,25150,23850,24550,7000530
20080702,24600,24600,23500,23750,4662581
20080703,23450,25250,23300,25050,6437012
20080704,24550,24850,23350,23350,7131896
20080707,23350,23550,22350,23050,5666235
20080708,22900,23300,22350,22650,3817869
20080709,23250,23450,22400,22550,3364576
20080710,22200,22850,21900,22700,5012777
20080711,23100,23750,22750,23750,4667715
20080714,23650,24000,23150,23200,2990080
20080715,23150,23150,22150,22150,2922887
20080716,22450,22650,21400,21650,5536556
20080717,22550,22600,22000,22200,4204834
20080718,22750,23200,22500,22650,4092848
20080721,23150,23900,23000,23850,3523891
20080722,23350,23500,22800,23400,4405562
20080723,23350,23650,22900,23250,5522028
20080724,23550,24000,22550,23900,6858488
20080725,23400,24250,23050,23350,4330678
20080728,23550,23650,22600,23000,3473152
20080729,22450,22550,21800,21800,4930027
20080730,22350,22450,21100,21100,7361013
20080731,21150,21950,21150,21650,4185605
20080801,21350,21750,20850,21050,3394626
20080804,20900,21150,20250,20500,3331192
20080805,20300,21150,20300,20700,3403773
20080806,21600,22400,21350,22400,5188398
20080807,22500,23200,22100,22100,6003004
20080808,22000,22950,21900,22600,4721418
20080811,23250,23800,23150,23800,5737712
20080812,23900,24200,23250,23300,4560056
20080813,23500,23900,23200,23200,2750788
20080814,23100,23500,22700,23500,3224350
20080818,23300,23450,22850,23400,2416751
20080819,23050,23200,22400,22400,3078400
20080820,22050,22500,21600,22100,3894367
20080821,21800,21950,21250,21600,3034362
20080822,21350,21500,20700,20950,3607546
20080825,21200,21450,21050,21050,2070203
20080826,20550,20800,20400,20550,3761696
20080827,20550,20600,19550,19800,6578670
20080828,20150,20200,19200,19200,4519749
20080829,19700,19900,19200,19400,4899520
20080901,18900,19200,17200,17200,7082737
20080902,17500,17750,16750,17200,5751252
20080903,17000,19100,16850,19100,7503678
20080904,18400,18650,17850,17850,7152996
20080905,17100,18150,16950,17350,7117937
20080908,18000,19900,17900,19900,8245506
20080909,19600,19600,18550,18600,6715913
20080910,18850,20100,18800,20100,7351630
20080911,19950,21000,19900,20300,9022907
20080912,21100,21200,20400,20400,4004898
20080916,18000,19000,18000,18100,7057420
20080917,19150,20200,19000,19900,8049428
20080918,19400,19500,18350,18550,7311118
20080919,19600,20200,19350,20050,7043209
20080922,20100,20850,19400,19500,6308938
20080923,19300,20100,19150,20000,4199586
20080924,20000,20300,19650,20300,4866411
20080925,20100,20400,19700,20150,6480136
20080926,20000,20350,19250,19400,4504066
20080929,19900,20400,19350,19350,5321015
20080930,18200,19450,18200,19350,5375058
20081001,19650,19800,19200,19450,2363222
20081002,19550,20050,18950,19000,4389812
20081006,18450,18450,17800,17800,6150554
20081007,17500,17750,17150,17750,4730915
20081008,16900,17350,15100,15100,5504238
20081009,15150,16550,14650,15700,9502446
20081010,15000,15650,13700,15200,6131136
20081013,15900,16900,15550,16700,7553196
20081014,17900,18900,17550,18800,8893519
20081015,18200,18600,17750,18000,5761075
20081016,16800,17000,15350,15350,6998460
20081017,16050,16400,14800,15000,5481293
20081020,15650,15800,14200,15350,5960991
20081021,15850,15900,14200,14300,6490341
20081022,14200,14450,12200,12200,13390252
20081023,11400,11600,10400,10400,12341832
20081024,10400,10550,8850,8850,13981438
20081027,8900,9390,8120,8120,15370512
20081028,8070,9330,8000,9330,12729315
20081029,10050,10550,8800,9370,26635118
20081030,10300,10750,9560,10750,12787652
20081031,10500,11900,10100,10800,17501273
20081103,11000,11800,10700,11000,13154574
20081104,10750,10900,10050,10250,12204231
20081105,10650,11250,10350,10650,15468470
20081106,10050,11200,10050,10100,14644000
20081107,9980,11000,9900,11000,12725681
20081110,11400,11500,10950,11150,9349427
20081111,10800,10900,10050,10200,9065222
20081112,9900,10950,9900,10500,11145918
20081113,10000,10200,9760,9800,7259925
20081114,10300,10400,9700,9780,6823967
20081117,9610,9630,9080,9130,9901418
20081118,8890,8900,8110,8110,14054739
20081119,8270,8290,7350,7510,20735768
20081120,6720,6900,6390,6390,18358063
20081121,6000,7120,5860,6660,28913829
20081124,6710,6960,5850,5850,23696202
20081125,6350,6390,5770,5860,17419772
20081126,6030,6240,5810,6070,19181762
20081127,6400,6980,6320,6950,47941825
20081128,7200,7880,7160,7410,42704580
20081201,7510,8080,7450,7600,28804998
20081202,7100,7290,7030,7200,14635621
20081203,7390,7670,7090,7090,20681363
20081204,7450,7600,7170,7300,20445004
20081205,7330,7850,7050,7560,25539622
20081208,7940,7950,7600,7800,16594784
20081209,7930,7940,7370,7390,14292227
20081210,7700,8090,7320,7380,37064039
20081211,7330,7340,6420,6520,37843788
20081212,6250,6900,6060,6350,39142063
20081215,6690,6780,6350,6390,19754181
20081216,6300,6980,6220,6980,24419651
20081217,7300,7580,7060,7230,29648919
20081218,7400,8170,7350,8130,41753637
20081219,8150,8860,8100,8520,41478962
20081222,8850,8930,8120,8210,29318397
20081223,7800,7900,7310,7700,26829220
20081224,7600,7670,6720,6720,17870865
20081226,7030,7230,6900,6930,13755069
20081229,6690,6770,6350,6640,12660549
20081230,6640,6970,6640,6700,7981766
20090102,6830,7180,6620,7180,9146590
20090105,7200,7620,7110,7220,16123115
20090106,7460,7730,7330,7390,21448221
20090107,7600,7610,7250,7480,21738913
20090108,7400,8000,7300,7930,33526570
20090109,8000,8020,7340,7340,19557922
20090112,7340,7390,6850,6920,12604076
20090113,7040,7150,6980,7070,15418377
20090114,6900,6930,6590,6730,28285960
20090115,6470,6920,6430,6570,19672790
20090116,6840,7000,6810,6950,12866838
20090119,7090,7990,7050,7840,37087667
20090120,7890,8090,7440,8070,36818187
20090121,7750,8250,7650,7870,22036337
20090122,8170,8270,7410,7430,19902707
20090123,7370,7400,6950,7010,12876173
20090128,7600,8060,7590,8060,31037050
20090129,8430,8460,7920,7950,42863315
20090130,7810,9040,7750,8980,58818596
20090202,8940,9450,8900,8900,39829390
20090203,9250,9370,8960,9110,22423398
20090204,9360,9750,9310,9520,26379570
20090205,9500,10350,9350,9350,44643467
20090206,9660,9900,9150,9380,33892409
20090209,10000,10000,9380,9450,22679581
20090210,9700,9830,9400,9630,21933858
20090211,9290,9390,9180,9240,19516731
20090212,9060,9100,8720,8870,16910703
20090213,8990,9270,8590,9260,24434908
20090216,9180,9550,8900,8950,19790060
20090217,8820,8820,8060,8210,22117081
20090218,8140,8600,8090,8600,18954482
20090219,8700,8930,8320,8330,19992822
20090220,8230,8270,7860,7880,12258053
20090223,8050,8810,7970,8810,19001571
20090224,8500,8810,8420,8570,16043964
20090225,8990,9110,8450,8450,13749405
20090226,8700,8830,7980,8340,14541159
20090227,8310,8780,8210,8640,15342819
20090302,8500,8600,8140,8140,8676942
20090303,7930,8380,7890,8320,12885157
20090304,8360,8740,8250,8650,13294050
20090305,8690,8790,8270,8270,12913454
20090306,8120,8520,8100,8330,11385447
20090309,8500,8520,8120,8220,11887133
20090310,8220,8270,8040,8130,14995779
20090311,8300,8510,8210,8210,22029442
20090312,8360,8810,8360,8590,29010150
20090313,9030,9560,8830,9340,44218387
20090316,9420,9520,8870,8880,24746478
20090317,9100,9400,8910,9400,18626330
20090318,9700,9920,9450,9830,22326193
20090319,10050,10100,9700,9740,14817067
20090320,9700,9830,9440,9580,14038867
20090323,9700,10300,9670,10300,20927884
20090324,10600,10750,10200,10400,17417646
20090325,10350,10350,9810,10200,19992556
20090326,10600,11700,10500,11700,42897076
20090327,12150,13250,11950,12000,55606535
20090330,12250,12850,12050,12400,35157932
20090331,12550,12600,11900,12350,30767790
20090401,12200,12600,11700,12250,37850694
20090402,12700,13100,12500,12700,31025939
20090403,13200,13200,12550,12600,17144425
20090406,12900,14450,12850,14150,52769400
20090407,13850,14950,13700,14300,46647621
20090408,14300,14650,13800,14000,26324884
20090409,13500,14500,12800,14100,63044100
20090410,14450,14550,13500,13500,29031077
20090413,13650,14150,13100,13400,39786234
20090414,13900,14200,13700,13850,27023873
20090415,13850,14400,13100,13450,28194119
20090416,13850,13900,13150,13250,16621687
20090417,13900,14750,13700,14400,46113677
20090420,14750,14950,14100,14550,20895627
20090421,14050,14550,13850,14500,17295630
20090422,15000,16650,14850,16650,54439888
20090423,16500,16900,15800,15850,45232886
20090424,15900,16400,14900,15100,26270469
20090427,15450,15750,15200,15350,17993922
20090428,15400,15500,14000,14000,21960962
20090429,14350,14750,13800,14600,17081322
20090430,14900,15050,14100,14400,15580272
20090504,14650,15250,14300,14950,17371268
20090506,15200,15650,14750,14750,17761105
20090507,15100,15300,13900,14050,24593485
20090508,14050,14150,13600,13900,15656645
20090511,13900,14600,13500,14200,20016386
20090512,14300,14750,14250,14550,17349902
20090513,14750,14900,13950,13950,16636143
20090514,13650,14250,13500,13850,14802659
20090515,14350,14400,13300,13300,16828722
20090518,13250,13600,13050,13400,12031276
20090519,13850,14900,13700,14550,28290828
20090520,14550,14700,14200,14500,10267177
20090521,14350,14400,13400,13450,20981896
20090522,13150,13350,12650,12650,23876041
20090525,12600,13100,11350,12650,25830440
20090526,12650,12950,12000,12000,26447941
20090527,11800,12300,11200,11500,49801818
20090528,11600,12550,11600,12550,28836037
20090529,12700,12950,12350,12900,24124960
20090601,12800,13000,12600,12750,9924471
20090602,13200,13350,12700,12700,15303063
20090603,12850,13350,12550,13350,16455705
20090604,13300,13700,13100,13500,19556966
20090605,13850,14150,13650,14050,19456585
20090608,14000,14100,13600,13650,12372726
20090609,13800,13900,12850,12900,19344803
20090610,13150,13300,12950,13250,9683737
20090611,13150,13200,12800,12900,13039695
20090612,12950,13250,12800,12950,8633675
20090615,13050,13400,12700,13250,10211879
20090616,13250,13450,13100,13250,10882429
20090617,13200,13800,13000,13700,12958253
20090618,13650,13900,13050,13100,11531912
20090619,13350,13450,12950,13250,7774458
20090622,13350,13800,13300,13750,11726775
20090623,13500,13750,13300,13450,12055343
20090624,13700,14000,13550,13950,16224844
20090625,13900,14250,13700,14100,14695955
20090626,14150,14200,13700,13850,10171021
20090629,13950,14100,13650,13650,6420398
20090630,13850,14000,13550,13650,8169007
20090701,13650,13850,13600,13800,6348426
20090702,13900,14600,13650,14600,22129448
20090703,14450,15000,14400,14950,20828975
20090706,15050,15300,14900,15050,12488472
20090707,15250,15750,15200,15400,16569771
20090708,15450,15600,15150,15550,10876454
20090709,15500,15500,15050,15500,9450993
20090710,15400,15500,14850,14850,8883315
20090713,14700,14900,14200,14200,10369533
20090714,14600,14850,14400,14750,10244227
20090715,15250,15500,15050,15500,11250294
20090716,15850,16100,15550,15650,15430088
20090717,15900,16050,15600,15600,6393433
20090720,15900,16700,15800,16700,17268677
20090721,17150,17300,16700,17150,15621417
20090722,17000,17150,16700,16950,10763568
20090723,16800,16850,16150,16400,15750443
20090724,16600,16850,16150,16350,12807995
20090727,16550,18250,16450,18000,31801331
20090728,17800,18000,17500,17750,12783092
20090729,18000,18600,17850,18200,18403320
20090730,18050,18350,17700,18150,10074365
20090731,18350,18400,17500,17600,16374335
20090803,17600,18000,17200,17700,12948203
20090804,18100,18550,17850,17850,15731887
20090805,18250,18400,17300,17700,11745602
20090806,17450,17600,17000,17500,12385565
20090807,17600,18200,17500,18150,14589415
20090810,18550,18600,18200,18200,8571965
20090811,18050,18900,18050,18600,14053236
20090812,18600,19300,18450,18900,17813032
20090813,18800,18900,18400,18400,13231369
20090814,18700,19250,18550,19150,12320924
20090817,19100,19400,18600,18800,10552949
20090818,18550,19400,18500,19150,12615682
20090819,19400,20150,19250,19900,17291637
20090820,20200,20300,19600,20100,11169091
20090821,20150,20150,19450,19700,13583840
20090824,20350,20900,20200,20650,13385631
20090825,20500,21000,20300,20700,7741956
20090826,20850,21350,20550,20850,7857118
20090827,20700,21000,20550,20850,6848697
20090828,21250,21600,21150,21350,11403053
20090831,22000,22250,21600,21950,11911512
20090901,21850,22400,21450,22150,10233959
20090902,21700,22550,21700,22350,8342236
20090903,22350,22600,22000,22050,5971982
20090904,21950,22000,20500,20800,21346466
20090907,21150,21800,20800,20950,13067509
20090908,21100,21500,20100,20800,15253246
20090909,21250,21400,20700,20850,10782908
20090910,21150,21400,20800,21400,8123834
20090911,21650,21650,21050,21100,6439261
20090914,20900,21000,20000,20200,12036302
20090915,20350,20950,20300,20650,6652241
20090916,20950,21150,20650,20700,7098391
20090917,21150,21450,20800,20850,7877347
20090918,21000,21050,20350,20400,8257655
20090921,20750,21550,20450,21450,11924291
20090922,21700,22100,21550,22050,11165356
20090923,21150,21500,20050,20850,27899428
20090924,20850,21050,20300,20600,9936404
20090925,20400,20500,17600,18950,44545104
20090928,19050,19350,18700,19000,13961779
20090929,19700,19950,19500,19550,11695482
20090930,19400,20200,19400,19800,9964191
20091001,20100,20200,19500,19650,6399002
20091005,19300,19500,18400,18800,10541773
20091006,19150,19250,18550,18700,6952108
20091007,19050,19400,17950,18400,10549157
20091008,18600,19500,18300,19300,11539515
20091009,19600,19850,19550,19650,7666152
20091012,20200,20600,19900,20000,10681641
20091013,20050,20650,19700,20600,11563525
20091014,21050,21300,20650,20800,8521356
20091015,21000,21000,20350,20550,7248024
20091016,20500,20750,19500,19800,10304009
20091019,19700,20100,19350,19850,5842314
20091020,20200,20250,19600,19850,4103030
20091021,19700,20000,19100,19350,6815688
20091022,19250,19650,18700,18800,7001346
20091023,19100,19150,18600,18750,11453452
20091026,18750,19150,18550,18850,7810804
20091027,18800,19050,18200,18300,8926917
20091028,18350,18500,17500,17700,9606247
20091029,17300,18600,17100,18400,13210887
20091030,18700,18800,18050,18050,6118400
20091102,17700,18350,17650,18050,5556344
20091103,18150,18450,17850,18200,5564158
20091104,18350,19000,18250,19000,6220331
20091105,18800,18900,18200,18350,4281928
20091106,18900,19150,18650,19050,6840462
20091109,19300,19850,19200,19800,8795257
20091110,20100,20200,19450,19800,8107026
20091111,19850,19950,19450,19950,5434950
20091112,20050,21200,19600,19600,20341952
20091113,19750,19850,18750,18850,9738133
20091116,18950,19750,18650,19700,7342660
20091117,19300,19450,18200,18400,21564141
20091118,18750,18950,18400,18750,10909042
20091119,18800,19400,18750,19250,8704459
20091120,18900,19400,18900,19150,7062182
20091123,19200,19350,18800,19050,5345950
20091124,19150,19250,18550,18600,6664018
20091125,18650,19000,18650,19000,5961105
20091126,19100,19400,18900,19200,6523614
20091127,18850,19150,18250,18450,7704509
20091130,18800,18850,18450,18450,5175602
20091201,18550,18750,17800,18050,9699450
20091202,18350,19200,18300,19200,9718479
20091203,19250,19650,19000,19450,7435401
20091204,19300,19800,19150,19700,6019982
20091207,20000,20500,19950,20050,10036856
20091208,20300,20450,20000,20100,5629685
20091209,19900,20600,19900,20550,8324221
20091210,20700,21000,20500,20850,9747117
20091211,20900,21100,20750,20900,5514248
20091214,20900,20950,20350,20700,5589407
20091215,20700,21050,20600,20950,4268920
20091216,20900,21250,20500,21050,6283206
20091217,21100,21500,21050,21100,6284160
20091218,21000,21650,20900,21650,6098604
20091221,21950,22200,21850,22050,6643108
20091222,22300,22450,21650,21900,5000002
20091223,22000,22300,21800,22000,4006561
20091224,22250,22400,21950,22300,5460997
20091228,22150,22800,22100,22200,4791593
20091229,22300,22450,22050,22200,2136873
20091230,22400,23400,22350,23150,7868021
20100104,23350,24150,23350,24100,7346425
20100105,24500,24900,23050,23350,12118281
20100106,23700,24550,23600,24550,7731186
20100107,25000,25200,24350,24400,11084814
20100108,24650,24850,23450,24650,9695685
20100111,24900,25000,23750,24000,6750517
20100112,24150,24600,23800,24050,4616931
20100113,23800,24500,23700,24050,5009003
20100114,24400,25500,24300,25450,11505860
20100115,25850,26700,25700,26100,11798734
20100118,25450,26100,25450,25900,6947223
20100119,26100,26200,25350,25600,6095082
20100120,25850,26100,25250,25400,5997062
20100121,25300,26200,24750,25950,8296854
20100122,25500,26250,25250,26100,10560982
20100125,25850,26350,25650,26050,7098150
20100126,25900,25950,23550,23600,18901657
20100127,23800,24200,22350,23250,20559203
20100128,23700,24300,23250,23600,10080020
20100129,23000,23350,22200,22750,10273997
20100201,22200,23250,21750,23100,14926334
20100202,23600,23800,22000,22000,11667143
20100203,22350,22400,21050,21300,14618448
20100204,21250,22200,21250,21750,9855737
20100205,20900,21350,20750,21300,7305491
20100208,21550,22100,21400,21700,5663174
20100209,21850,22900,21700,22650,7285894
20100210,23000,23000,22300,22700,6809098
20100211,22600,22900,21600,21950,11508085
20100212,21650,22150,21400,21600,7584876
20100216,21550,21800,21150,21300,5951014
20100217,21750,22400,21700,22350,7825290
20100218,22550,22600,22000,22150,3744025
20100219,21850,22200,21400,21400,5772700
20100222,21850,22200,21600,22150,5334169
20100223,22100,22800,22000,22650,6352083
20100224,22500,22850,22100,22200,6219693
20100225,22450,22500,21500,21700,5013379
20100226,21700,21800,20600,21000,9627909
20100302,21500,21800,21400,21450,5342772
20100303,21400,22050,21200,21850,5830081
20100304,21950,22600,21900,22200,5393075
20100305,22300,22650,22100,22500,4380159
20100308,22900,22950,22100,22350,6137729
20100309,22350,22500,21800,21850,5881404
20100310,21950,22600,21900,22550,6443315
20100311,22850,23400,22700,23150,10673528
20100312,23350,23400,22850,23250,3048202
20100315,23450,23800,23350,23500,5574407
20100316,24100,24300,23400,23600,51719403
20100317,23900,24150,23750,24150,7589609
20100318,24100,24350,23900,23950,5576105
20100319,24100,24500,23800,24350,5746615
20100322,24500,24800,24300,24700,5270773
20100323,24950,25100,24600,24950,4994007
20100324,25250,25700,25050,25200,6668569
20100325,25300,25500,24800,25250,4660575
20100326,25050,25350,24850,25200,3420724
20100329,24950,26050,24900,25900,6923592
20100330,26450,26800,26300,26400,8121899
20100331,26450,27100,26050,26700,7730622
20100401,27050,28300,26900,28300,11909995
20100402,28500,29300,28050,28150,12390690
20100405,28500,29100,28050,29100,8512243
20100406,29350,29400,28100,28350,11484726
20100407,28150,28200,27250,27350,16311161
20100408,27500,28150,27450,28150,10036161
20100409,28100,28450,27650,28000,7184815
20100412,28400,28450,26900,26900,9780882
20100413,27200,27800,26800,27700,7382940
20100414,28100,28350,27650,27900,6745613
20100415,28150,28200,27200,27700,6822526
20100416,27550,27850,27150,27500,4531892
20100419,27100,27250,26500,26650,6493712
20100420,27000,27100,26800,27000,3663343
20100421,27500,28600,27450,28550,10560938
20100422,28250,28900,28000,28700,9828901
20100423,29050,29150,28350,28500,6109366
20100426,28500,28800,28300,28500,6125001
20100427,28250,28400,27300,27500,11259240
20100428,26750,27450,26700,27450,9108923
20100429,27700,27900,27200,27700,6801366
20100430,27900,28600,27850,28400,8909526
20100503,28150,28300,27250,27600,9256409
20100504,27850,27950,26550,27050,12653329
20100506,26200,26550,25900,26350,8103816
20100507,25500,26850,25350,26350,11481461
20100510,26900,27150,26650,26900,7587954
20100511,27300,27350,26150,26600,7660117
20100512,26550,26550,25550,25700,13097424
20100513,26400,26900,26300,26850,11337817
20100514,26700,27150,26500,26600,7925968
20100517,26050,26100,25000,25050,12635451
20100518,24800,24950,23550,24150,20058192
20100519,23600,24650,23100,24500,19703600
20100520,24400,24850,23550,23750,10081791
20100524,23750,24350,23650,24100,11541283
20100525,23850,23950,22600,23800,12208206
20100526,24150,24700,23650,24700,13150843
20100527,24350,25650,24350,25650,13430941
20100528,26100,26350,25600,25700,12826585
20100531,25600,25750,24900,25150,12706998
20100601,25050,25500,24400,24600,11633564
20100603,25100,25300,24750,24900,8011807
20100604,25200,26500,24950,26400,15988869
20100607,25900,26750,25800,26650,13874493
20100608,26450,26900,26000,26450,10889286
20100609,26450,26450,25200,25250,14761328
20100610,25450,25950,25300,25900,9271702
20100611,26450,26650,25700,25800,8762686
20100614,25900,26350,25750,26000,5686833
20100615,26200,27200,26200,27100,13402214
20100616,27450,27650,27200,27300,8415214
20100617,27800,28250,27550,28200,10848104
20100618,28200,28350,27800,28150,12940850
20100621,28550,28750,27850,28250,8050689
20100622,27950,28250,27200,27200,11557147
20100623,27050,27650,26900,27050,6595503
20100624,27050,27450,27050,27150,5203161
20100625,26800,26900,26350,26450,9787032
20100628,26500,26600,25850,26050,10143372
20100629,26250,26750,25600,25600,10326061
20100630,24950,25200,24750,25050,13952014
20100701,25100,25600,24550,25500,12695993
20100702,25450,25950,25150,25300,8237987
20100705,25300,25450,24650,24750,7736756
20100706,24650,25850,24250,25850,9753797
20100707,26050,26100,25150,25150,8243930
20100708,25700,26100,25300,25350,7219081
20100709,25700,25900,24950,25700,8171473
20100712,25900,26250,25700,25900,6412277
20100713,25750,25900,24800,24900,16803984
20100714,25300,25800,25050,25750,17890263
20100715,25600,25750,25100,25150,7695339
20100716,24550,24650,23500,23500,26408695
20100719,23700,24100,23500,23700,10915618
20100720,23850,24050,23550,23850,6009885
20100721,24250,24350,23500,23600,7489851
20100722,23850,24000,22250,22600,21388196
20100723,23000,23400,22800,23250,12343729
20100726,23300,24150,23300,23950,9656787
20100727,24200,24200,23500,23500,37144652
20100728,23700,23850,22700,23100,13310872
20100729,22900,23250,22300,22350,12478780
20100730,22250,22850,22150,22500,8930756
20100802,22550,22650,21500,21600,18732935
20100803,21950,22400,21800,21950,14346069
20100804,22000,22250,21400,21600,11434849
20100805,22000,22400,21700,21900,11637399
20100806,22100,22900,22050,22850,14508311
20100809,22900,23100,22600,22700,6486022
20100810,22850,23250,22600,22600,7329207
20100811,22000,22100,21200,21200,18929287
20100812,20600,21500,20200,21200,13041798
20100813,21500,21800,21300,21650,7460749
20100816,21550,22150,21200,22100,7543971
20100817,21900,22250,21700,22100,5851598
20100818,22250,22300,21500,21700,7017763
20100819,22150,22650,22000,22500,9857803
20100820,22250,22450,21950,22000,6506966
20100823,22000,22350,21300,21400,8185249
20100824,21300,22050,21050,21950,7212879
20100825,21700,22150,21550,22050,7298041
20100826,22400,23000,22050,22600,15405418
20100827,22500,22700,22250,22550,6317557
20100830,22900,22950,22350,22500,7788047
20100831,22100,22200,21000,21100,18006565
20100901,21250,21350,20500,20850,17891433
20100902,21300,21400,20900,21100,12935639
20100903,21300,21950,21300,21800,13682222
20100906,22200,22450,21750,21850,9768969
20100907,21750,21950,21300,21500,7147421
20100908,21100,21200,20500,20750,16624161
20100909,20800,21050,20100,20300,15189733
20100910,20500,20800,20350,20650,8103091
20100913,20650,21000,20400,20500,9030044
20100914,21100,21250,20300,20450,11749312
20100915,20700,21000,20350,21000,9591589
20100916,20900,21300,20800,21100,9047633
20100917,21400,22500,21350,22500,24186132
20100920,22600,22650,22000,22100,10471186
20100924,21700,21750,21050,21100,15723927
20100927,21550,21800,21100,21200,11332593
20100928,21250,21650,21100,21350,6960963
20100929,21500,22200,21500,21850,12752750
20100930,22050,22300,21750,22150,7530575
20101001,22100,22450,21900,22450,8945751
20101004,22600,22950,22450,22500,10634669
20101005,22350,22750,22000,22750,8459372
20101006,23300,23600,23100,23400,15727497
20101007,23250,23500,22950,23200,9521740
20101008,23200,23700,23150,23500,7573508
20101011,23750,23800,22250,22350,14794038
20101012,22450,23000,22400,22600,8463492
20101013,23000,23500,22950,23400,11261698
20101014,23600,23800,23050,23350,10001339
20101015,23200,23650,23050,23600,6311478
20101018,23700,23700,22800,22900,10138166
20101019,22900,23350,22600,22850,10535814
20101020,22850,23950,22700,23900,14952331
20101021,24000,24400,23750,23750,13108254
20101022,24000,24400,23900,24200,7903928
20101025,24400,24400,23750,24300,8245692
20101026,24100,24250,23400,23700,10858815
20101027,23500,23600,22900,22900,12636747
20101028,23300,23450,22600,22850,13682522
20101029,22700,23150,22300,23150,11672512
20101101,23200,23300,22600,22700,8679690
20101102,22600,22700,21900,21900,13148677
20101103,21950,22400,21750,21800,7882993
20101104,22200,23150,22200,22950,14373857
20101105,24100,24200,23650,23750,18979574
20101108,24050,24350,23700,23800,9799616
20101109,23700,23800,23250,23450,6554767
20101110,23200,23950,23200,23900,7224958
20101111,23800,24400,23400,23400,11616394
20101112,23600,23700,22700,22800,11758691
20101115,22900,23800,22750,23650,9850014
20101116,23650,24000,23300,23700,8517799
20101117,23600,23650,23100,23350,7311065
20101118,23550,23700,23050,23700,6420573
20101119,23700,24200,23550,23900,8188817
20101122,24300,25300,24200,25300,21524408
20101123,25400,25650,25100,25350,12947289
20101124,24800,25850,24650,25750,18819363
20101125,26000,26000,25100,25200,11277437
20101126,25200,25600,24500,24650,10551194
20101129,24800,25000,24550,24800,7308951
20101130,24050,24150,23400,23500,19537475
20101201,23550,23750,23000,23400,10722538
20101202,23650,24050,23550,23800,9237817
20101203,24000,24150,23250,23450,7911082
20101206,23600,24100,23500,23950,6730217
20101207,23400,23650,23200,23600,9142980
20101208,23650,23900,23250,23300,5620721
20101209,23350,24200,23300,24150,10169510
20101210,24100,24650,23800,24500,9835555
20101213,24300,24500,24000,24350,5446369
20101214,24500,25150,24450,24750,8123939
20101215,24900,24900,24100,24250,6719247
20101216,24250,24750,24100,24200,5123501
20101217,24450,24600,23650,23800,9453699
20101220,23400,23650,23100,23650,7858392
20101221,23850,24200,23650,23750,8090612
20101222,23500,23850,23300,23300,7811301
20101223,23350,23500,23000,23300,5727070
20101224,23400,23800,23050,23150,5647373
20101227,22900,23350,22900,23100,3579168
20101228,23250,24250,23250,23950,11941653
20101229,24200,24400,24050,24250,5395331
20101230,24300,24500,23900,24000,5687987
20110103,25000,25300,24800,25300,15107759
20110104,25400,25600,25050,25600,10931161
20110105,25450,26300,25200,25900,14139328
20110106,26250,26600,25800,26100,14287171
20110107,26100,26450,25700,26100,7024336
20110110,26000,26050,25300,25300,9601918
20110111,25500,25650,25100,25400,6904019
20110112,25600,26550,25550,26350,16029780
20110113,27000,27600,26850,27250,19311300
20110114,27300,27450,26750,27250,8859686
20110117,27350,27450,26900,26900,6204899
20110118,26850,28100,26800,27650,15637718
20110119,28050,28400,27600,27850,8666295
20110120,27650,28200,27600,28200,6930500
20110121,28150,28450,27700,28100,7630162
20110124,28250,28650,28000,28350,8014756
20110125,28700,28800,27300,27400,10865239
20110126,27650,28300,27400,28200,7873016
20110127,28600,28700,27900,28000,6841459
20110128,29250,29500,28900,29500,19314590
20110131,29400,30200,29300,29650,12114107
20110201,29800,30350,29200,29650,9606594
20110207,30300,30700,29500,29700,9679798
20110208,29700,30300,29100,30150,9801975
20110209,30200,30300,29400,29550,6956946
20110210,29450,29900,28800,28800,8468961
20110211,28700,29700,28700,28800,8298076
20110214,29200,29700,28950,29700,5954589
20110215,29750,29800,29200,29750,4609849
20110216,29650,29950,29150,29200,4811721
20110217,29550,29700,28800,29100,5876031
20110218,29350,29500,29000,29400,4481286
20110221,29400,29500,28750,28800,5147091
20110222,28400,28950,28150,28800,5917754
20110223,28600,28700,27400,27600,11843278
20110224,27200,27350,26600,26900,10782089
20110225,27450,28050,27350,28000,7918505
20110228,28000,28400,27900,28350,5304614
20110302,27900,28200,27350,27550,4652449
20110303,27950,28600,27850,28450,4337686
20110304,29000,29550,28800,29200,6744388
20110307,29200,29400,28750,28900,4206440
20110308,28500,28800,27900,28650,8140323
20110309,28650,28950,28300,28400,5641431
20110310,28000,28100,27550,27700,9118115
20110311,27200,28050,27150,27700,5850959
20110314,29100,30150,28300,30100,22881687
20110315,29700,29800,27450,28700,22932891
20110316,29400,29600,28800,29200,10333677
20110317,28400,28950,28200,28950,10815775
20110318,29050,29200,28550,28550,8317816
20110321,28550,28850,28000,28500,11015422
20110322,28750,28950,27800,27850,11574524
20110323,28200,29100,27850,29050,11112405
20110324,29150,29600,29100,29100,9140284
20110325,30100,30150,29600,29900,12041899
20110328,29950,30950,29800,30900,14875481
20110329,30800,31350,30700,31000,8533855
20110330,31100,31950,31000,31550,11906300
20110331,31700,31900,31000,31300,7670699
20110401,31350,31700,30850,31600,6802701
20110404,30850,31800,30550,31800,12046547
20110405,32250,32700,32150,32450,8775396
20110406,32700,33000,32350,32500,8509539
20110407,32800,32900,31850,32000,7097712
20110408,31800,31850,31150,31300,10084204
20110411,31500,32150,31500,31800,6076949
20110412,32000,32600,31600,31700,6421672
20110413,31700,32400,31600,32350,6193410
20110414,32650,33800,32500,33750,12934539
20110415,33700,34200,33600,34150,7233661
20110418,34000,34450,33500,33800,7218572
20110419,33400,33750,32750,32800,8866655
20110420,33600,34500,33250,34300,8432079
20110421,35300,37200,35100,37000,19357750
20110422,36700,37400,36200,36600,10270340
20110425,36450,37000,36200,36450,5529488
20110426,36750,37200,34700,34750,19001814
20110427,35100,35500,33450,33900,18014715
20110428,34600,35050,34050,34350,10388984
20110429,34200,34300,32850,33800,11392768
20110502,33600,34600,33600,34600,5524897
20110503,34450,34700,33700,34450,7224077
20110504,34150,34200,32450,32450,13763373
20110506,31900,32850,31700,32500,7867052
20110509,33000,33550,32750,33300,5968611
20110511,33700,34200,33600,33700,6207767
20110512,33450,34300,33300,33750,6600699
20110513,34600,34850,34400,34500,6713597
20110516,35000,35200,34100,34400,5275126
20110517,34150,34250,33100,33100,8007576
20110518,33100,33350,32500,32800,9103458
20110519,32950,33350,31350,31550,8302142
20110520,31750,32350,31700,32200,5057674
20110523,31950,32450,30850,30850,6564960
20110524,30800,31450,30550,31250,5647670
20110525,31350,31600,29800,30000,7212000
20110526,30500,31250,30350,31100,5070024
20110527,31200,31600,30900,31300,4797661
20110530,31400,31500,29200,29500,15176513
20110531,29200,30100,29050,30100,11913318
20110601,30100,30100,28150,28400,22119286
20110602,27650,28250,27300,27550,18003988
20110603,27850,28100,27150,27650,9838831
20110607,27300,28800,27300,28600,9191909
20110608,28900,29350,28600,28900,12557220
20110609,29200,29250,28350,28700,9415804
20110610,28600,28700,26350,26700,24177110
20110613,26600,27150,25900,26350,8790991
20110614,26250,26800,26200,26650,6514032
20110615,26850,27650,26800,26950,6872322
20110616,26650,26850,26200,26250,4599234
20110617,26400,26450,24100,24650,20477438
20110620,24800,25600,24400,25200,8219371
20110621,25550,26200,24950,25900,8505024
20110622,26600,27150,26100,26100,8915253
20110623,26200,26750,26100,26350,4236692
20110624,26400,27900,26350,27900,9898892
20110627,27350,27400,26550,26700,9559487
20110628,26700,26750,25400,25550,13451515
20110629,25750,26100,24900,25550,12290225
20110630,25250,25550,24900,25050,8432185
20110701,25600,26750,25500,26700,13345738
20110704,27300,27700,26650,26950,13215741
20110705,27400,28150,27200,28000,12594246
20110706,27700,27900,25800,26500,18889817
20110707,27100,27200,26350,26400,8763541
20110708,26900,27350,26550,26600,10495898
20110711,26650,26850,26400,26450,4936683
20110712,25850,26150,25300,25350,8802917
20110713,25250,25250,24050,24300,17203663
20110714,24500,24750,23400,23700,14730395
20110715,23600,24400,23600,24000,9378791
20110718,23650,23850,22900,22950,11775269
20110719,22950,23750,22950,23350,10298790
20110720,24200,24400,23900,24200,10030134
20110721,24500,24700,23500,23650,9223301
20110722,24000,24100,23550,23750,7369926
20110725,23650,24300,23500,23900,6812398
20110726,24150,24550,23750,24500,7505839
20110727,24300,24350,23650,23800,7997090
20110728,23150,23750,23100,23550,5742429
20110729,23900,24700,23850,24250,15569978
20110801,24700,25600,24400,25550,10275261
20110802,25100,25950,24900,25450,11462084
20110803,25000,25050,24200,24300,10595808
20110804,24800,25300,23850,24100,11149944
20110805,22850,23650,22500,23550,12438185
20110808,23200,23650,20700,21850,17609715
20110809,21000,21200,19250,20200,23001206
20110810,21550,21600,20850,21000,15212209
20110811,19900,21900,19900,21850,13323654
20110812,21200,21650,19750,19750,26788209
20110816,20400,20700,20250,20500,8624717
20110817,20250,20650,19600,19600,13712538
20110818,19450,19750,17200,17200,35616692
20110819,16200,16600,15550,15600,23890629
20110822,15800,16300,15500,15750,18277535
20110823,16200,17050,16000,17050,21553936
20110824,17200,17550,15900,16250,21395980
20110825,16900,17700,16700,17300,20187641
20110826,17050,17950,16950,17950,14558460
20110829,18550,19600,18350,19450,17545626
20110830,19900,20250,19000,19000,16532870
20110831,18800,19150,18150,19100,13460683
20110901,19300,20100,19150,19200,16845832
20110902,19200,19650,18900,19100,8025667
20110905,18550,18600,17550,17550,9483784
20110906,16950,17500,16550,17000,11397318
20110907,17600,19550,17500,19500,15678828
20110908,19900,19900,18800,19300,17096701
20110909,19800,21300,19600,19900,29359964
20110914,20550,21150,19850,19850,18966529
20110915,21150,21400,20500,21100,20491884
20110916,21250,22000,20850,21900,20343850
20110919,21500,22150,20850,21000,11980863
20110920,20500,21850,20200,21650,14858543
20110921,21850,22300,21550,21600,9936965
20110922,21000,21750,20950,21550,9640910
20110923,20750,21350,20200,20250,13178942
20110926,20950,21050,19750,19950,14403585
20110927,20900,21250,20650,21250,9665974
20110928,21450,21500,20550,20550,8811547
20110929,20450,21850,20350,21850,9542657
20110930,21500,21900,21050,21350,9401314
20111004,20000,20700,19850,20700,10959265
20111005,21050,21400,20000,20000,11287269
20111006,20850,22000,20750,21200,14245183
20111007,22050,22100,21350,21500,9115213
20111010,21550,22100,21550,21950,7029961
20111011,22650,22700,22200,22250,8212865
20111012,22150,22550,22050,22550,5880365
20111013,22700,22850,21750,21850,9543524
20111014,21800,22100,21650,21950,4605910
20111017,22350,22400,21900,21950,5211940
20111018,21500,21850,21300,21800,4354331
20111019,22000,22100,21200,21750,7150548
20111020,21550,22550,21050,21050,10252965
20111021,21600,23200,21250,23200,17938542
20111024,23250,24150,22850,23900,12451097
20111025,24050,24200,23600,23650,5652614
20111026,23400,24150,23300,24150,5774628
20111027,23800,24300,23400,23800,9196704
20111028,24200,24450,22850,22900,11200673
20111031,22950,23550,22800,22850,5395050
20111101,22500,24150,22500,23900,10593299
20111102,23400,24200,23200,24000,8021546
20111103,24100,24100,23250,23300,5682575
20111104,24000,24850,23900,24850,9642217
20111107,24900,24950,23900,24100,8088193
20111108,24050,24100,23000,23000,12005275
20111109,22400,23050,21800,22050,22772116
20111110,21200,22550,20650,21500,23467154
20111111,22350,22600,21550,21550,14421635
20111114,22100,22900,22000,22300,10805252
20111115,22200,22700,22000,22050,7045165
20111116,22250,22950,22100,22350,9867606
20111117,23400,23600,22700,23200,13550780
20111118,22800,23400,22700,23300,7377636
20111121,23050,23150,22600,22900,5390048
20111122,22650,23350,22600,23250,5995517
20111123,23150,23200,21800,21850,10010655
20111124,21700,22400,21200,22150,6265997
20111125,22000,22300,21550,21750,4433721
20111128,22400,23300,22200,23300,9848049
20111129,23300,23550,22950,23400,10290437
20111130,23200,23400,22900,22950,5239801
20111201,23950,24050,23350,23450,9146677
20111202,23300,23600,22850,23100,6314973
20111205,23200,23350,22750,23250,4785846
20111206,23100,23150,22700,22750,3593535
20111207,22850,22950,22200,22400,8899221
20111208,22400,22400,21800,22050,6537903
20111209,21700,21700,21300,21400,6988929
20111212,21800,22400,21650,22250,6319715
20111213,22000,23000,21650,22650,9293904
20111214,22800,23100,22550,22850,6515855
20111215,22600,23150,22400,22750,6873946
20111216,23000,23000,21900,22150,6809614
20111219,21800,21950,19750,20850,9392801
20111220,21000,21250,20450,20750,5391267
20111221,21400,21500,21200,21350,5626938
20111222,21100,21350,20800,21150,5151591
20111223,21850,22100,21650,21700,6167013
20111226,21900,21900,21450,21600,2297003
20111227,21650,21850,21100,21100,3986592
20111228,21000,21300,20950,21150,2688208
20111229,21000,22000,20950,21950,5006606
20120102,22700,23500,22600,23450,12170153
20120103,23700,23850,23350,23650,7239708
20120104,23850,24350,23650,23850,9643808
20120105,23900,24550,23700,24000,5948158
20120106,24450,24550,24050,24400,7633067
20120109,24550,24600,23800,23850,5191657
20120110,24050,24350,23850,24350,4596542
20120111,24400,24700,24100,24250,4747105
20120112,24200,24350,23850,24150,3566256
20120113,24350,25150,24300,25150,7993006
20120116,25050,25600,24900,25400,6341825
20120117,25650,25800,25200,25550,5982819
20120118,25500,25800,25050,25250,4764455
20120119,25800,26500,25600,26300,8987450
20120120,26600,27150,26200,26950,8726770
20120125,27000,28000,26900,27450,8693588
20120126,27450,27450,26650,27050,9028099
20120127,26850,27000,25900,26000,12062057
20120130,25900,26750,25850,26250,7982762
20120131,26350,27100,26200,26850,6048223
20120201,26850,27200,26600,27200,5595741
20120202,27750,27750,26100,27300,15281596
20120203,26700,27200,26200,26300,11299302
20120206,26550,26550,25900,26100,7061764
20120207,26000,26250,25200,25400,9405339
20120208,25700,26600,25250,26500,8751100
20120209,26450,27150,26300,27050,7705120
20120210,27000,27300,26750,27000,5751848
20120213,27300,27400,26700,26850,4941208
20120214,26850,27550,26650,27550,6615913
20120215,29150,29450,28600,29000,20697390
20120216,28800,29400,28600,28700,9961359
20120217,29250,29550,28700,28850,8465777
20120220,29050,29100,28200,28300,5753690
20120221,28200,29000,28100,28300,5840835
20120222,28300,29000,28150,29000,4712997
20120223,28850,29200,28700,28850,5192308
20120224,28400,28950,27750,28850,7997699
20120227,28800,28850,27800,27950,5153509
20120228,29800,30150,29500,29850,20808560
20120229,30350,30750,30100,30200,9345314
20120302,30350,30450,29700,30450,7961280
20120305,30600,30600,29900,30050,3839128
20120306,29900,30000,29250,29400,5967675
20120307,28800,29200,28700,29100,5359769
20120308,29400,29950,29200,29750,4741781
20120309,30000,30150,29700,29800,3565512
20120312,30000,30050,29400,29600,2568440
20120313,29750,29900,29200,29300,5055287
20120314,29900,30200,29600,29600,4906654
20120315,29500,29600,28950,29250,4849707
20120316,29350,29450,28750,28800,3696225
20120319,28700,29300,28700,29300,4885898
20120320,29350,29600,29050,29150,3873987
20120321,28950,29300,28850,28900,2626551
20120322,29050,29600,29050,29350,4117144
20120323,29100,30250,29050,30150,6294185
20120326,30250,30650,30050,30300,6658186
20120327,30450,30700,30050,30450,5718097
20120328,30200,30950,30150,30550,4918214
20120329,30350,30900,30350,30500,5114998
20120330,30400,30450,29100,29250,9809386
20120402,29150,29550,29100,29350,4727837
20120403,29550,30400,29350,30300,6693182
20120404,30250,30350,29350,29400,4389836
20120405,28750,30050,28300,29850,8899496
20120406,29700,29900,29250,29250,3184217
20120409,28800,29350,27900,28050,5568643
20120410,28050,28350,27350,27750,5098219
20120412,27800,27850,26850,27200,5583246
20120413,27750,29050,27650,29000,6983362
20120416,28700,29450,28550,29250,4160701
20120417,29200,29250,28250,28300,4670489
20120418,28850,28950,28050,28050,5482631
20120419,27900,29000,27500,28800,6179883
20120420,28200,28350,27600,27650,5649678
20120423,27650,28450,27600,27800,4549672
20120424,27500,27850,27050,27250,4750282
20120425,27600,27700,27000,27050,4836561
20120426,27500,27700,27000,27200,4858423
20120427,27400,28250,27350,28050,4531018
20120430,28050,28450,27800,28050,3759698
20120502,28300,28350,27100,27350,7203804
20120503,27300,27850,27150,27250,4021667
20120504,27050,28900,26800,28150,10901418
20120507,27750,27950,27150,27250,5466152
20120508,27450,27500,26500,26650,6327999
20120509,26450,26850,26050,26200,6859416
20120510,26100,26850,26100,26600,4786754
20120511,26450,26550,25300,25400,6791152
20120514,25500,26200,25450,26100,4883326
20120515,25800,25950,24750,25300,7122988
20120516,24900,24950,22900,23050,16239262
20120517,23300,24650,23050,24500,12063990
20120518,23850,24450,23450,23600,6982606
20120521,24200,24300,23200,23400,6240734
20120522,24050,24100,23400,23550,8273153
20120523,23400,23400,22300,22400,9271264
20120524,22450,22950,22000,22400,6445583
20120525,22650,22800,21800,22000,7771291
20120529,22250,23500,22200,23450,8661422
20120530,23550,23750,23150,23450,5137111
20120531,23000,23200,22600,23100,4914910
20120601,23050,23250,22750,22750,3513845
20120604,21700,22150,21350,21550,9463895
20120605,21800,21900,21500,21650,5342939
20120607,22500,22900,22450,22550,7121619
20120608,22450,22500,21700,21750,5465246
20120611,22400,23150,22350,23050,6838614
20120612,22550,23850,22350,23550,7930382
20120613,23850,23950,23200,23650,4669175
20120614,23350,23950,23350,23900,5033207
20120615,23550,23650,23150,23400,16156049
20120618,24100,24200,23550,23600,5037166
20120619,23650,24000,23450,23850,3788167
20120620,24350,25100,24200,24800,9176434
20120621,24800,24950,24300,24550,3751425
20120622,24050,24350,23950,24100,4506535
20120625,24100,24350,22700,23050,9744824
20120626,22950,23400,22900,23100,4631121
20120627,23200,23250,22600,22800,4778045
20120628,22800,23400,22800,23300,3483226
20120629,23050,23900,22850,23850,4697087
20120702,24300,24350,23700,23700,3887302
20120703,23800,24300,23800,24300,3047839
20120704,24400,24650,24000,24050,3199905
20120705,23950,24200,23750,23800,2657599
20120706,24000,24450,23850,24000,4009123
20120709,23700,23950,23550,23700,3156411
20120710,23850,23900,23500,23700,2647193
20120711,23450,23700,22900,22950,5151231
20120712,23000,23150,22250,22250,5450204
20120713,22250,22450,21450,22400,6627802
20120716,22450,22600,21750,21800,6340054
20120717,21550,21700,21250,21300,9112719
20120718,21250,21500,20150,20250,12954262
20120719,20700,20800,20300,20400,7401854
20120720,20800,21550,20750,21250,7870436
20120723,20800,20850,20200,20350,6964724
20120724,20550,21150,20550,20800,7328882
20120725,20350,20850,20100,20400,6280081
20120726,20700,20800,20250,20400,5976319
20120727,20850,21250,20700,21150,7453097
20120730,21500,21800,21250,21300,4916872
20120731,21350,21900,21200,21700,7215276
20120801,21900,22100,21450,21500,5633215
20120802,21650,21800,21300,21550,4816006
20120803,21150,21250,20850,20950,5525416
20120806,21500,22000,21400,21750,6733285
20120807,21800,22200,21650,22000,4757101
20120808,22300,23000,22250,22750,10972713
20120809,22800,22950,22450,22900,8196833
20120810,22900,23050,22750,23000,3993418
20120813,23150,23250,22600,22700,3415389
20120814,22700,23000,22600,22900,3662137
20120816,22800,22950,22100,22200,7787699
20120817,22450,22650,22300,22500,4112850
20120820,22300,22750,22250,22550,3278867
20120821,22650,23350,22650,23100,9152697
20120822,23150,23300,22650,22850,4582101
20120823,22850,22900,22300,22400,6340317
20120824,22000,22450,21750,21800,6175133
20120827,21650,22200,21550,21700,5324077
20120828,21700,21850,21100,21300,7433538
20120829,21350,21600,21250,21450,4295175
20120830,21400,21450,21050,21200,3263544
20120831,20950,21400,20950,21200,2702479
20120903,21200,21450,20900,21400,3518196
20120904,21350,21800,21250,21500,3775480
20120905,21500,21650,21200,21200,3826683
20120906,21400,21400,20550,20900,9041756
20120907,22000,22550,21750,22500,15221162
20120910,22350,22500,22150,22250,4757626
20120911,22150,22150,21800,21950,3664743
20120912,22200,22400,22000,22200,3267122
20120913,22100,22150,21800,21850,4237233
20120914,22550,23000,22350,22950,10517447
20120917,23150,23200,22850,22950,4248504
20120918,22950,23300,22800,22850,3843199
20120919,22950,23650,22900,23500,7673229
20120920,23700,24650,23600,23900,12250096
20120921,24200,24250,23650,23850,4797968
20120924,23950,24000,23350,23500,3509912
20120925,23250,23350,22750,22900,5377949
20120926,22600,22950,22450,22750,3227444
20120927,22550,22950,22450,22900,3525787
20120928,22950,23250,22600,22750,3873405
20121002,22950,23000,22350,22500,2858070
20121004,22850,23500,22750,23150,6192433
20121005,23400,23600,23150,23250,3119376
20121008,23350,23850,23300,23700,5661298
20121009,23800,23900,23550,23550,3477414
20121010,23250,23300,23000,23000,3010313
20121011,22800,23100,22600,22900,2957524
20121012,22900,23000,22250,22550,4262738
20121015,22550,22700,22100,22250,3034811
20121016,22700,23050,22700,22850,3901823
20121017,23400,23600,23200,23500,4594202
20121018,23500,23650,23200,23550,2682573
20121019,23550,23750,23250,23300,2646218
20121022,22700,23450,22650,23400,2573262
20121023,23400,23700,23050,23050,2851721
20121024,23500,24150,23350,24000,8709303
20121025,24150,24800,24050,24300,7780836
20121026,24300,24650,24000,24100,3832976
20121029,24550,24950,23900,24100,6197870
20121030,24500,24750,24200,24300,3782716
20121031,24800,25000,24650,24850,5789405
20121101,24950,25900,24700,25500,8312753
20121102,26000,26300,25900,25950,6592179
20121105,25950,26350,25750,26150,3347263
20121106,26250,26300,25550,25900,5042809
20121107,26000,26100,25450,26000,4411461
20121108,25600,26100,25350,26050,4522898
20121109,25700,25950,25350,25400,5241275
20121112,25200,25550,24800,25300,4373224
20121113,25200,25550,25000,25350,3314201
20121114,25550,26700,25500,26600,8690475
20121115,26350,26550,25900,26150,4774667
20121116,26100,26300,24550,24950,9295709
20121119,25200,25500,24750,25200,3934488
20121120,25650,25750,25300,25350,3293980
20121121,25500,25750,24900,24900,3705474
20121122,25250,25700,25000,25600,3192295
20121123,25500,25850,25350,25700,2772673
20121126,25800,26300,25750,25800,3757376
20121127,25750,26000,25350,25550,4349165
20121128,25400,25550,25000,25350,3108705
20121129,25700,25800,25100,25400,4030728
20121130,25250,25350,24400,24400,8420949
20121203,24300,24650,24200,24400,4155082
20121204,24300,24700,24200,24450,3560107
20121205,24450,24900,24250,24850,3504294
20121206,24850,25100,24700,24850,3774704
20121207,25450,25950,25400,25900,7130678
20121210,25850,26150,25800,26000,3280121
20121211,26250,26500,25900,25950,4189236
20121212,26350,26500,26050,26050,4902981
20121213,26200,26500,25650,26250,7585467
20121214,26000,26350,25850,26200,3680399
20121217,26400,26800,26250,26650,5228814
20121218,26900,27100,26400,26500,5741215
20121220,26850,26950,26150,26300,4736996
20121221,26300,26450,25250,25400,7103654
20121224,25400,25700,25050,25150,3887250
20121226,25300,25700,25300,25450,3166701
20121227,25450,25800,25400,25750,2010360
20121228,25750,25950,25500,25750,2648924
20130102,26150,26650,26100,26600,5151547
20130103,26900,27100,26400,26650,4587780
20130104,26800,26900,26200,26350,4856327
20130107,26400,26450,25650,25900,4283105
20130108,26050,26550,25950,26250,3468081
20130109,26500,26600,25950,26050,2517811
20130110,26150,26800,25850,26800,4762542
20130111,27100,27250,26500,27100,6269825
20130114,27250,27300,26850,26950,3130049
20130115,26800,27000,25800,25950,6736761
20130116,26200,26700,26050,26200,5723625
20130117,26350,26350,25450,25900,4758701
20130118,26050,26150,25500,25600,5547605
20130121,25750,25850,25300,25750,3295467
20130122,25500,25700,24850,25050,7158297
20130123,25050,25100,24600,24650,6619066
20130124,24600,24650,24050,24250,6007784
20130125,24300,24700,23800,24200,5001969
20130128,24150,24500,24000,24400,2586394
20130129,24500,24550,24100,24200,4408627
20130130,24650,24950,24300,24350,5631792
20130131,24400,24600,24200,24400,4329870
20130201,24250,24450,24050,24200,4025938
20130204,24500,24600,24300,24300,2604422
20130205,24050,24200,23600,23700,4574149
20130206,23850,24650,23800,24500,5764265
20130207,24650,25000,24550,24850,4681401
20130208,24850,25000,24550,24750,3258865
20130212,24950,25300,24800,25000,3432175
20130213,25250,25600,25200,25500,4490716
20130214,25550,25750,25350,25700,2859954
20130215,25700,25750,25550,25650,2277981
20130218,25600,26000,25550,25900,2456890
20130219,25800,26100,25750,25850,1779504
20130220,26250,26700,26200,26500,6657608
20130221,26350,26650,26300,26600,2826255
20130222,26400,26600,26300,26400,2689623
20130225,26500,26550,26050,26300,2604691
20130226,26100,26650,25850,26550,3772301
20130227,26850,26950,26250,26250,3098659
20130228,26700,26750,26500,26500,4038185
20130304,26600,26700,25900,26000,3753949
20130305,26400,27200,26400,27000,8141593
20130306,27650,28200,27600,28000,11109877
20130307,28100,28450,27850,28150,6588200
20130308,28350,28400,27800,28250,3607159
20130311,28250,28800,28200,28600,6597705
20130312,28850,28900,28050,28100,3957978
20130313,28300,28550,28100,28300,2769799
20130314,28450,29000,28400,28900,5071138
20130315,29000,29200,28400,28800,4473661
20130318,28550,28900,28400,28400,2926693
20130319,28800,28900,28350,28650,3232956
20130320,28500,28850,28350,28600,2632433
20130321,28850,28900,28050,28050,3426566
20130322,27900,28450,27650,28300,3555515
20130325,29050,29200,28850,29050,3959211
20130326,29050,29500,29000,29500,5570927
20130327,29600,29700,29200,29450,3184531
20130328,29450,29450,28950,29250,3223050
20130329,29500,29650,28750,28750,3045853
20130401,28900,29050,28600,28650,1972865
20130402,28750,28900,28350,28400,3577498
20130403,28600,29150,28550,28900,3584222
20130404,28550,29200,28400,29200,4869239
20130405,29300,29300,28350,28550,3681853
20130408,28600,28700,27800,27900,4153747
20130409,27900,28200,27300,27800,4473759
20130410,28150,28200,27800,27950,2896417
20130411,28450,29100,28300,29000,5236997
20130412,29050,29350,28650,28800,3407336
20130415,28950,29350,28700,29150,2715965
20130416,28850,29250,28750,29100,3276359
20130417,29350,29400,28650,28750,3075896
20130418,28400,28500,27850,27900,5206918
20130419,27900,28850,27850,28800,3895261
20130422,28800,29100,28600,29000,2012549
20130423,29050,29050,28450,28850,2009817
20130424,29400,29600,29000,29100,4683116
20130425,29650,29950,29450,29500,11394824
20130426,29400,29750,29250,29450,2667806
20130429,29550,29850,29500,29550,2368216
20130430,29850,30000,29550,29900,4973679
20130502,29750,29850,29300,29450,2792031
20130503,29650,29700,29000,29550,3767197
20130506,29700,29850,28850,28900,4225049
20130507,28900,28950,28400,28600,3154316
20130508,28900,28900,28400,28550,3400637
20130509,28500,29250,28500,29050,4575248
20130510,29200,29550,29050,29100,4776435
20130513,29000,29200,28900,29100,2518819
20130514,29150,29600,29150,29500,2701509
20130515,29550,29850,29500,29750,4030862
20130516,29900,30200,29850,30050,6423610
20130520,30500,30850,30300,30700,6958530
20130521,30800,31000,30600,30600,5033266
20130522,30900,31600,30850,31300,7608286
20130523,31400,32000,31250,31400,7512672
20130524,31800,31850,31050,31400,3871042
20130527,31550,31900,31400,31400,2849669
20130528,31400,31650,30850,31400,4431590
20130529,31700,32150,31550,32000,4381622
20130530,31850,32200,31700,31850,10882238
20130531,32200,32200,31750,32200,3870613
20130603,31950,32150,31750,31900,3449693
20130604,32150,32450,32000,32250,3233657
20130605,32350,32400,31150,31150,4570226
20130607,31650,31900,30900,31100,5758634
20130610,31700,32900,31600,32650,6709195
20130611,32900,32950,32300,32500,3941737
20130612,32300,32700,32250,32350,2590486
20130613,32250,32450,31600,32050,6075091
20130614,32150,32250,31200,31500,3971095
20130617,31400,31600,30100,30450,6582178
20130618,30900,31750,30900,31750,5215736
20130619,32000,32400,31550,31900,4438175
20130620,31400,31700,30850,31050,4371986
20130621,30200,31000,30000,30800,5163521
20130624,30900,30950,29750,29750,4897019
20130625,29500,30300,28900,29500,6659713
20130626,30150,30400,29700,30250,5040418
20130627,30900,31000,30600,30650,5209137
20130628,30900,31200,30450,31200,4309458
20130701,30950,31850,30850,31550,4062599
20130702,31500,31550,28750,28800,21019436
20130703,29350,29800,28550,28750,10969350
20130704,28950,29050,28000,28750,9130872
20130705,28950,29300,27950,28400,7983219
20130708,28100,28600,27400,27800,7227558
20130709,28050,28450,27750,28350,5276470
20130710,28150,28300,27400,27500,6362139
20130711,27900,28400,27650,28400,6330650
20130712,28450,28650,28100,28500,4499172
20130715,28500,28750,28050,28450,2613544
20130716,28650,28700,28300,28450,2886705
20130717,28750,28850,28200,28600,4374401
20130718,28950,29450,28750,29200,6437820
20130719,29300,29350,28400,28400,5306867
20130722,28400,28500,27850,28000,5042732
20130723,27900,28400,27750,28200,4952809
20130724,28300,28750,28300,28550,3818831
20130725,29150,29250,28400,28600,6778488
20130726,28850,28850,27900,28150,7755181
20130729,27950,27950,26900,27000,15227768
20130730,27050,27300,26600,27100,6903868
20130731,27200,27350,27150,27200,4386284
20130801,27250,27450,27100,27400,6151190
20130802,27500,27700,27250,27450,6877232
20130805,27300,27400,27150,27400,4180804
20130806,27600,27750,27350,27550,4125157
20130807,27350,27400,26550,26550,7771130
20130808,26350,26600,26000,26200,5396449
20130809,26200,27100,26200,26650,4669522
20130812,26650,27300,26600,27000,3849323
20130813,27050,28300,27050,28300,8719662
20130814,28750,29200,28600,29150,10262550
20130816,28700,29000,28500,28700,5110848
20130819,28550,28650,28300,28550,2594470
20130820,28500,29150,28400,28500,5699909
20130821,28700,28850,28050,28200,3079266
20130822,27800,28350,27700,28050,3639542
20130823,28400,28850,28300,28500,4137108
20130826,28500,28700,28150,28350,2937697
20130827,28100,28350,27800,27950,3547412
20130828,27350,27850,27350,27700,3556086
20130829,27700,28000,27400,27450,5326833
20130830,27600,28250,27550,28250,5663772
20130902,28500,28650,28200,28300,3035909
20130903,28550,28650,28300,28450,3100871
20130904,28400,28700,28200,28650,3042973
20130905,27400,28150,27300,28150,20625403
20130906,28100,28250,26850,27100,12199781
20130909,27600,28450,27550,28450,9571714
20130910,28550,28950,28400,28950,6680750
20130911,29100,29300,28700,28900,4893860
20130912,29000,29300,28750,28900,6018991
20130913,28900,29250,28800,29000,4674307
20130916,29300,29850,29300,29800,5218534
20130917,30000,30450,29650,30300,6788948
20130923,30650,30700,30200,30550,4872847
20130924,30400,30850,30250,30500,3788474
20130925,30300,30400,29600,29750,4839999
20130926,29750,30600,29700,30350,4297077
20130927,30550,30600,29850,30350,3597617
20130930,30300,30750,30000,30250,3883347
20131001,30200,30500,29800,29950,3094789
20131002,30650,31250,30600,31150,7077277
20131004,31700,32450,31550,32450,10794205
20131007,32750,33100,32600,32900,10211692
20131008,32800,32900,32450,32750,20161933
20131010,32750,33900,32700,33600,6362115
20131011,33900,34000,33100,33350,6953280
20131014,33100,33400,32550,33100,4504637
20131015,33450,33600,33250,33450,2875473
20131016,33800,34300,33250,33400,3964240
20131017,33800,33900,33400,33800,3432731
20131018,34000,34650,33950,34600,4896108
20131021,34650,35000,33900,34100,4601446
20131022,34000,34000,32600,32600,9113649
20131023,32900,33200,32500,32500,5848372
20131024,32500,33150,32300,33100,3285591
20131025,32950,33000,32500,32600,3464261
20131028,32650,33250,32600,33100,3104202
20131029,33350,33600,31900,31950,6681059
20131030,32300,33000,32300,32850,4858305
20131031,32800,32800,31950,31950,4023353
20131101,32150,33300,32100,33250,4753636
20131104,33350,33500,32950,33050,2893775
20131105,33000,33050,32250,32550,1860583
20131106,32350,32950,32350,32500,1872076
20131107,32600,32750,32350,32350,1825749
20131108,32050,32950,32050,32250,2964930
20131111,32400,32700,31350,31500,3518342
20131112,31900,32400,31700,31950,3027493
20131113,31850,32000,31500,31550,2266975
20131114,32350,32650,32000,32300,3084645
20131115,32550,33800,32550,33700,5187831
20131118,33900,34100,33500,33750,2917194
20131119,33700,33850,33300,33450,2790771
20131120,33150,33200,32350,32500,4652929
20131121,32400,32450,31750,32050,3397106
20131122,32800,32900,32250,32400,3511174
20131125,32800,33400,32750,33250,2869284
20131126,33300,33600,32750,33600,3288876
20131127,33750,34700,33500,34600,6944989
20131128,35100,35450,34850,35450,6520172
20131129,35550,35900,35150,35400,4030182
20131202,35650,35900,35250,35700,3268831
20131203,35500,35700,34600,34700,4945227
20131204,34850,35400,34750,34800,3284235
20131205,34550,34900,34200,34250,4205701
20131206,34400,35650,34400,35500,4156598
20131209,36000,36700,35950,36350,5211103
20131210,36800,37100,36400,36500,5070477
20131211,36500,37150,36400,36800,3600547
20131212,36300,36500,35850,36450,5008826
20131213,36300,36600,35850,36500,2488730
20131216,36600,37200,36550,37150,3285802
20131217,37500,37550,36550,36600,3534783
20131218,36600,36800,35450,35550,4929380
20131219,35950,36150,34800,34900,6726027
20131220,35200,35750,34900,35300,3905267
20131223,35600,37000,35550,37000,5630251
20131224,37000,37100,36550,36750,2771057
20131226,36900,37000,35900,36000,3738849
20131227,36450,36950,36350,36650,2088963
20131230,36800,37000,36250,36800,2537422
20140102,37100,37350,35550,35550,4503101
20140103,35700,36450,35600,36300,3866819
20140106,36400,37700,36350,37650,5489696
20140107,37350,37950,37200,37800,3365854
20140108,38550,39100,38150,39000,6541929
20140109,39150,39250,38500,38850,4456686
20140110,38450,38700,37700,38500,4661839
20140113,38350,39000,38150,38150,2173830
20140114,37750,38400,37350,38400,2373406
20140115,38700,38750,36450,36650,11312073
20140116,36900,37000,36050,36550,5058860
20140117,36600,36850,36000,36000,3390054
20140120,36050,36850,36050,36850,3038514
20140121,36950,37100,36400,36400,2458095
20140122,36100,36350,35000,36300,8866139
20140123,36300,36650,35400,35400,5413166
20140124,35350,36150,35350,35900,4696232
20140127,35100,35550,35000,35250,3810292
20140128,35550,36800,35250,36800,5134501
20140129,37100,37900,37000,37850,5768140
20140203,37500,38200,37450,37950,3258954
20140204,37350,37400,36500,36500,5123321
20140205,36900,37000,36000,36650,3722340
20140206,37050,38600,37000,38600,6520048
20140207,39300,39500,38900,39300,6263133
20140210,39400,39950,39000,39000,2749618
20140211,39200,39600,38950,39000,1922133
20140212,39600,39850,39200,39850,3365602
20140213,39850,40200,39700,39900,3408592
20140214,39950,40100,39000,39050,3144548
20140217,39450,39700,38400,38700,3462266
20140218,38800,39000,38550,38800,1740161
20140219,38650,39400,38500,39150,2779561
20140220,39400,39650,38700,38800,2634888
20140221,39250,39700,39050,39300,3222452
20140224,39100,39350,38700,38850,1853563
20140225,39000,39100,37850,38650,5377950
20140226,38500,39700,38450,39250,3372770
20140227,39650,39650,39100,39500,2537038
20140228,39700,39700,38550,38750,3571285
20140303,38300,38950,38200,38950,2334413
20140304,38600,39050,38550,38950,1659174
20140305,39600,39600,39200,39450,2287413
20140306,39450,39450,38900,39100,1894702
20140307,39300,39350,38300,38550,3360351
20140310,38350,38650,37650,37700,3290391
20140311,37700,38200,37650,37750,2570762
20140312,37550,38050,37350,37400,3136809
20140313,37800,38600,37700,38050,2831772
20140314,37550,38300,37000,37950,4047773
20140317,37400,37450,36600,36700,4053729
20140318,37200,37400,36350,36350,4067115
20140319,36850,37150,36550,37000,3174111
20140320,36900,37400,36700,36950,1966739
20140321,37400,38750,37400,38700,4027721
20140324,38750,38800,38000,38150,2911594
20140325,38250,38300,37500,37600,2484259
20140326,38100,38400,37650,38400,2520441
20140327,38050,38400,37550,37700,2539853
20140328,37850,37900,37000,37050,3497637
20140331,37000,37100,35550,36000,8110589
20140401,36650,37100,36600,37000,4963237
20140402,37450,37700,36800,37050,3128863
20140403,37300,37350,36500,36550,2239712
20140404,36750,37250,36600,37250,3042845
20140407,36800,37000,36500,37000,2614349
20140408,36650,37200,36650,36750,2287296
20140409,36900,37700,36850,37650,2781992
20140410,37600,37850,37400,37700,1940111
20140411,37450,37600,36850,37050,2678811
20140414,37100,37250,36900,36900,1769488
20140415,37450,37950,37150,37400,2511655
20140416,37750,37900,37550,37650,2279437
20140417,38050,38300,37850,38050,2518569
20140418,39400,39550,38900,39200,6226765
20140421,39300,39500,39000,39400,2012021
20140422,39900,40050,39750,39800,4429639
20140423,40200,40850,40050,40750,6302966
20140424,40850,40900,40150,40900,4202633
20140425,41100,41350,40650,40750,6413507
20140428,40450,40800,39900,40500,2962593
20140429,40250,40500,39600,39700,2864162
20140430,39700,40300,39650,40150,2280636
20140502,41200,41350,40550,40650,3374051
20140507,41000,41350,40900,41100,2617891
20140508,41450,41450,40550,40650,2228813
20140509,40950,41200,40250,41150,2286422
20140512,40900,41600,40900,41400,2028310
20140513,41850,42000,41700,41700,2671855
20140514,42200,42200,41750,42100,2857522
20140515,41850,42100,41600,42000,2002289
20140516,42000,42300,41800,42250,1793135
20140519,42000,42150,40750,40900,3868734
20140520,41100,42000,41100,42000,3173904
20140521,41950,42250,41650,41900,2044792
20140522,42400,42750,42150,42400,2314558
20140523,42300,42500,41950,42350,2091017
20140526,42600,42750,42350,42400,1337761
20140527,42600,42650,42050,42200,1206673
20140528,42750,42750,42400,42600,2267797
20140529,42700,42900,42450,42600,2788250
20140530,42600,44150,42600,44150,5719933
20140602,44200,45200,44150,44700,2594762
20140603,44250,45050,44000,44650,2452555
20140605,45300,46450,44850,46450,3867206
20140609,47000,47450,46000,46100,4008341
20140610,46600,47350,46500,47350,2173265
20140611,47550,47950,46750,47000,2699834
20140612,48000,48450,46850,47400,3533745
20140613,47000,47200,46400,47050,2038552
20140616,46600,48550,46400,48350,2328428
20140617,49000,49850,48850,49350,3064765
20140618,49400,49700,48850,49000,8540327
20140619,49850,50700,49700,50700,3832975
20140620,50900,50900,49100,49400,7739475
20140623,49250,49700,48250,48900,3331587
20140624,49000,50300,48950,50300,3486605
20140625,50200,50900,49600,49800,2370023
20140626,50300,50600,48050,48750,4329921
20140627,48350,48500,47500,47500,4132822
20140630,47900,48750,47850,48550,3033278
20140701,49450,49450,48400,48450,2661236
20140702,49150,50500,49000,50400,4295212
20140703,50700,51000,50200,50900,2679502
20140704,51000,51000,49550,50400,2256886
20140707,50400,51700,49900,51600,2222399
20140708,51300,52000,51100,51900,2207233
20140709,51500,51500,49600,49750,4902932
20140710,49750,50300,49300,49300,2652157
20140711,48950,49250,48350,48950,2438265
20140714,49250,50200,49100,49350,2127881
20140715,50300,50400,49550,49750,1757915
20140716,50000,51000,49900,51000,2314317
20140717,51600,52400,51300,51500,3615315
20140718,50200,51100,49900,50800,2334689
20140721,51300,51700,50300,50500,1627408
20140722,50100,51000,49650,51000,2319621
20140723,50900,51000,49400,49450,2861486
20140724,49650,49700,47450,47550,7777210
20140725,47800,48300,47200,47500,4385822
20140728,47450,47950,46400,46550,5195081
20140729,45200,45700,44400,44400,8507170
20140730,45000,46750,45000,46750,6237617
20140731,46050,46500,45100,45450,5587330
20140801,44100,46400,44000,46300,5318497
20140804,46400,47900,46350,47850,3226358
20140805,48250,48300,46500,47300,3424229
20140806,46750,46800,45050,45400,14682581
20140807,45700,46100,44650,45200,3846213
20140808,44500,45000,43500,44200,6182189
20140811,44900,45550,44500,45000,3098675
20140812,45000,45150,43050,43250,5457423
20140813,43600,44450,43500,43900,3848799
20140814,44500,44800,43200,43550,3825576
20140818,44400,44400,43650,43850,2842982
20140819,44250,44550,43800,43800,3046890
20140820,44150,45350,44100,45350,3912499
20140821,45800,46350,45400,45850,4749347
20140822,46700,46750,45350,45950,2874325
20140825,45850,47300,45700,47150,3083363
20140826,47150,47300,46550,46700,2110839
20140827,46700,47000,45150,45350,3858033
20140828,45600,45650,44400,45600,3705945
20140829,45100,45700,45000,45400,2167684
20140901,45700,45800,44500,44500,1892686
20140902,44700,44950,43850,44050,2171185
20140903,43450,43750,41700,41800,8149751
20140904,42450,42850,41950,42050,3744556
20140905,42600,43300,42500,43200,3074526
20140911,45700,45700,43850,43850,5791277
20140912,44200,44550,44050,44500,1445681
20140915,44300,44400,42800,42800,2371058
20140916,42300,43600,42300,43500,2247094
20140917,43850,44450,43650,44100,2721126
20140918,43800,44100,42800,42900,1766197
20140919,43400,44200,43200,44000,2586406
20140922,43550,43700,42850,43250,1476639
20140923,42900,43550,42500,42500,2203104
20140924,42550,44400,42500,44200,3922847
20140925,44400,45450,44350,44600,3632706
20140926,44500,45800,44300,45600,3154902
20140929,46500,47450,46350,47150,4912552
20140930,46900,47300,46250,46750,3038001
20141001,46750,47200,46000,46400,2482308
20141002,46000,47300,45700,47100,2952839
20141006,47850,47850,43250,44700,7288648
20141007,44500,45350,42950,44700,5680210
20141008,44500,44850,43600,44150,2053318
20141010,42050,42950,41850,42200,4630979
20141013,40350,42150,40300,41700,4361715
20141014,41750,43450,41550,43300,2953492
20141015,43200,44000,43000,43400,2372222
20141016,43500,45200,43450,45100,3553225
20141017,45000,45750,43650,44100,2900418
20141020,44100,45050,43550,44900,1788929
20141021,45050,46000,44650,45250,2147556
20141022,46250,46700,45900,46300,2420313
20141023,46300,46800,45500,45500,1829919
20141024,46450,46500,45050,45300,2214244
20141027,45800,45900,44400,44600,1722449
20141028,45150,46100,45000,46000,2907131
20141029,46350,47000,45800,47000,2638547
20141030,47300,47450,46400,47200,2924313
20141031,47550,47550,46900,47450,2577692
20141103,48000,48250,47600,48050,2388430
20141104,48300,48300,47000,47450,1888587
20141105,47850,47950,46900,47200,1617220
20141106,47750,48200,47550,47950,1555748
20141107,47950,47950,47000,47400,1624430
20141110,47500,48100,47450,47550,1583801
20141111,48000,48000,47200,47600,1558513
20141112,47900,48300,47300,48100,1960104
20141113,48350,48350,47600,48100,1421799
20141114,48500,49200,47900,49200,2592089
20141117,49200,49350,45700,45900,5493082
20141118,46500,47150,46000,46400,2798997
20141119,47400,47500,46900,47150,1813849
20141120,47000,47350,46700,47250,1104697
20141121,47450,47500,46000,46450,1839020
20141124,47250,47300,46800,47100,1416719
20141125,48400,48800,47800,48500,2680733
20141126,48600,48700,48100,48600,914772
20141127,48700,48700,47650,47850,1558962
20141128,48050,48600,47700,48050,1131555
20141201,48050,48500,47800,47950,1444205
20141202,47850,48000,47300,47700,1417999
20141203,48300,48500,47750,48050,1199173
20141204,48600,48800,48150,48700,1438113
20141205,48800,49150,48100,48350,1335134
20141208,49000,49200,48500,48650,2243336
20141209,48800,49950,48550,49450,2775375
20141210,49100,49600,48550,48850,1590462
20141211,48300,48400,47100,47200,2702767
20141212,47300,47700,47000,47550,1602103
20141215,47100,47850,46950,47650,1182288
20141216,47150,47300,45900,46500,2486899
20141217,46500,47150,46500,46700,1652948
20141218,47600,47700,47000,47700,1542575
20141219,48500,48900,48300,48500,1910410
20141222,48000,48500,47100,48250,1159184
20141223,48050,48500,47300,47450,1169038
20141224,47100,47850,47100,47800,842562
20141226,47600,47800,47000,47000,1474213
20141229,47100,48500,47000,48050,1750952
20141230,48300,48500,47500,47750,1159390
20150102,47950,48400,47650,47750,1155944
20150105,48050,48400,47500,47650,1409146
20150106,47000,47600,46900,47500,1661196
20150107,46700,47600,46700,47400,1821266
20150108,48250,50000,47900,49950,5006675
20150109,50700,51400,49700,49700,3313929
20150112,50000,50500,49450,50300,1709997
20150113,48500,49650,48500,49000,3047952
20150114,48900,49850,48850,48900,2241954
20150115,48900,49500,48850,49500,1468474
20150116,48450,48900,47250,47450,4820176
20150119,47500,47950,46800,47000,3180759
20150120,47250,47650,46800,47050,2211331
20150121,47500,48200,47400,48050,2156709
20150122,48100,48450,47000,47000,2905955
20150123,47600,47750,47200,47500,1572903
20150126,47250,48300,47000,48250,1410144
20150127,49350,49350,48800,49150,2292330
20150128,49150,49300,48200,49200,2333159
20150129,48500,49200,47300,47400,5020783
20150130,48000,48000,47300,47650,2743159
20150202,47300,47600,46350,46600,3258140
20150203,46450,47450,46450,46700,2513399
20150204,47400,47450,47000,47300,1823018
20150205,47300,47400,46300,47150,1984849
20150206,47100,47200,45200,45500,4547785
20150209,45300,45950,45000,45200,2741040
20150210,45250,45800,45050,45150,2254222
20150211,45900,47050,45650,46850,3231887
20150212,47450,47500,46600,46650,1903965
20150213,47000,47450,46750,47050,1354556
20150216,47550,47550,47200,47500,1534022
20150217,47350,47450,46300,46450,1677139
20150223,46500,47200,46400,47200,2273267
20150224,47900,47900,47200,47600,1880503
20150225,47200,47400,46400,46500,2633709
20150226,46750,47200,46450,47100,1938544
20150227,47000,47300,46250,46600,2344677
20150302,46850,46900,46300,46850,2246166
20150303,47150,47500,46650,47300,2100433
20150304,47300,47300,45700,45900,4160256
20150305,45650,46100,45250,45500,2214809
20150306,46050,46400,45950,46200,1877771
20150309,45450,45750,44850,45100,3175721
20150310,45200,45500,43100,44150,5232109
20150311,43500,44000,43150,43400,4527681
20150312,43400,44100,43250,43250,3929253
20150313,43350,44150,43350,44100,1962212
20150316,44400,46000,44400,45800,4031380
20150317,46100,46450,45850,46250,2790117
20150318,46250,46400,45600,46250,2790286
20150319,46950,47000,46300,46400,1983215
20150320,46450,46850,45850,46850,1948819
20150323,47100,48200,47050,48150,3781841
20150324,47700,48200,47550,48000,2155547
20150325,48000,48350,47850,48300,1830867
20150326,47250,47500,46550,47000,4469503
20150327,46150,46400,45400,45800,4492231
20150330,46000,46350,45100,45500,2776997
20150331,46300,46350,45450,45550,2399612
20150401,45950,46200,44900,45000,2051147
20150402,44550,45350,44100,44800,3148519
20150403,44300,44800,44000,44200,2834100
20150406,44450,45100,44250,44750,2068077
20150407,45000,45050,43500,43950,3691912
20150408,43900,44150,42450,42600,5694496
20150409,42000,42550,41550,41900,5892744
20150410,42850,43800,42700,43600,6518647
20150413,44400,44500,43800,44200,3362917
20150414,44250,44400,43700,44000,2134645
20150415,44000,44500,44000,44300,2146331
20150416,44750,44900,44150,44500,2096120
20150417,44700,44750,44050,44550,2153757
20150420,44100,44400,43600,44250,2355455
20150421,44600,45500,44250,45150,3270598
20150422,45700,46100,45250,45250,3816002
20150423,46400,46800,45650,45800,4995010
20150424,46700,47250,46500,47200,4400132
20150427,47300,47500,45400,45800,3688453
20150428,46150,46950,45700,46950,2311231
20150429,47050,47400,46300,46900,2422884
20150430,46900,46900,45650,46150,2419318
20150504,46500,47100,46400,46800,2239896
20150506,46300,46350,45000,45300,3291950
20150507,44850,46000,44550,45900,2142745
20150508,45300,46300,45050,45950,1695019
20150511,46100,46700,46000,46300,1592730
20150512,46300,47250,46000,46050,2364231
20150513,46100,46150,45200,45250,1896100
20150514,45650,46050,45200,45550,1889682
20150515,45750,45950,45200,45300,1215027
20150518,45100,45450,44400,45450,2195599
20150519,45650,46150,45500,46100,1510095
20150520,46500,46900,46400,46850,1784488
20150521,47000,47500,46200,46350,1880002
20150522,46750,47850,46350,47850,3953338
20150526,48500,49150,47800,48000,3594626
20150527,48000,48800,47500,48450,3441135
20150528,49450,50000,49150,49650,5512264
20150529,49350,51300,49200,51100,6512595
20150601,50600,50900,49550,50600,4623131
20150602,50700,51500,50300,51200,2173205
20150603,51000,51700,49600,49800,2724813
20150604,49500,49600,48100,48300,3262007
20150605,48300,49550,48150,49050,2134371
20150608,48600,48800,48000,48050,1954503
20150609,47750,48300,47200,48000,2168902
20150610,48000,48000,47500,47500,2649918
20150611,47800,47900,47050,47100,2696182
20150612,47750,47800,46450,46550,2307036
20150615,46550,47100,46050,46150,1775422
20150616,45250,45300,44200,44200,6161260
20150617,44250,45250,44250,44950,3461566
20150618,44900,44950,44300,44300,2225236
20150619,44350,44550,43500,43550,3858378
20150622,43800,44150,43550,43850,2843715
20150623,44350,44600,44000,44150,2676531
20150624,44250,44250,43150,43350,2694795
20150625,43100,43400,42800,43100,3270655
20150626,41550,42250,41550,42000,7935060
20150629,41000,43050,40600,42600,4892150
20150630,42650,42800,41950,42300,2598797
20150701,42800,43200,42250,42800,2126825
20150702,43000,43000,42000,42100,2592544
20150703,42700,43100,42200,42650,2903385
20150706,42000,42050,40350,40750,4533535
20150707,41200,41850,41000,41350,3183795
20150708,41100,41300,40750,40900,3335846
20150709,40400,41050,39600,40950,3018029
20150710,41250,41300,40350,40850,2738522
20150713,41450,41850,40500,40550,3707444
20150714,40600,40650,37800,37850,15180511
20150715,38400,39400,38350,39300,8281669
20150716,39000,39500,38650,39450,2373825
20150717,39500,40500,38700,39950,3352178
20150720,40150,40350,38650,38650,2535208
20150721,38950,39350,38500,39050,2531422
20150722,39000,39000,37750,38200,3986610
20150723,40000,40300,38600,39000,8215778
20150724,39250,39450,38500,38550,3411382
20150727,38500,38850,36850,37250,4142170
20150728,36500,37650,36500,37100,3657208
20150729,37450,37600,36800,37000,3040352
20150730,36550,36800,34050,34500,9328208
20150731,34800,37100,34750,37100,7074785
20150803,36500,37100,35500,35950,5481242
20150804,35450,37950,35450,37250,4060733
20150805,37850,38300,37000,37300,3330999
20150806,37750,37750,36050,36100,3888988
20150807,35650,36450,35050,36200,3381532
20150810,36200,36400,35750,36300,1336480
20150811,36300,37200,36100,36100,2890084
20150812,35600,36400,35400,35800,2824462
20150813,35900,36900,35850,36900,2748437
20150817,37300,37400,35650,35650,3808016
20150818,35800,36400,34700,35050,4706366
20150819,34500,34800,32650,33000,8813242
20150820,33050,33550,32850,33050,4588759
20150821,31400,32250,31400,32000,6084203
20150824,31600,32350,30300,31050,8593829
20150825,31300,33950,31300,33500,11821629
20150826,33500,34200,32850,33450,6534943
20150827,34200,35500,34150,35500,7063277
20150828,36550,37700,36300,36900,7382006
20150831,36850,36850,35650,35800,4408499
20150901,35150,35450,34200,34400,6442285
20150902,33500,34600,33350,34350,4161070
20150903,34850,35700,34700,35400,4222565
20150904,35500,35950,34650,34850,2438126
20150907,34800,35100,34300,34750,1624613
20150908,35000,35100,34600,34750,1494929
20150909,35800,36500,35650,36000,3035809
20150910,35400,35950,35400,35950,3079224
20150911,35450,35750,35000,35000,3242067
20150914,35300,35450,34350,34600,2163452
20150915,34500,34600,33350,33600,3880824
20150916,33800,35350,33800,35100,3876376
20150917,35750,36450,35350,36150,4734065
20150918,36400,36450,35450,35750,3267741
20150921,35200,35250,34700,34800,2538367
20150922,34900,35150,34700,34900,2004067
20150923,34500,35250,34350,34700,1641929
20150924,34900,34950,33600,33850,4172759
20150925,33750,34400,33400,34350,2813254
20150930,33700,33800,33350,33550,4158644
20151001,33750,33950,33500,33700,3667742
20151002,34200,34750,33800,34550,3052650
20151005,35250,35950,35100,35350,4367169
20151006,36300,37200,36250,37200,5944141
20151007,37050,37700,36800,37300,3879936
20151008,38000,38100,36600,37550,3824312
20151012,37550,37550,36700,36850,2519174
20151013,36800,37150,35800,36000,2961513
20151014,36300,37050,35900,36400,3720738
20151015,35950,36800,35850,36750,2943506
20151016,36900,37050,36000,36100,1899386
20151019,36150,36200,35600,35750,1967828
20151020,36000,36150,35250,35700,2686193
20151021,35000,35000,33600,33650,9957394
20151022,33200,33450,31850,31950,10914420
20151023,32400,32950,32050,32100,6341772
20151026,32350,33100,32300,32900,3326112
20151027,32100,32650,32050,32150,3535671
20151028,32150,32450,31400,31450,4322506
20151029,31700,32150,31300,31450,4273016
20151030,31150,31200,30450,30700,4640184
20151102,30700,32250,30400,32150,4493014
20151103,32500,33000,31550,31900,4453120
20151104,32500,32700,32100,32600,3276995
20151105,32350,32700,32200,32650,1928001
20151106,32350,32400,31050,31200,5219855
20151109,30900,31300,30400,31250,3563095
20151110,30850,31350,30600,31150,2724051
20151111,30700,31200,30550,31000,2898877
20151112,30950,31000,30700,30700,1537585
20151113,30500,31600,30500,31150,1962129
20151116,30600,30950,30500,30500,2351453
20151117,31050,31150,30600,30600,1935683
20151118,30600,30800,30050,30550,3137103
20151119,30800,31600,30700,31200,2525784
20151120,31500,31750,31000,31000,2097039
20151123,31150,31250,30600,30650,2430154
20151124,30600,30850,30100,30200,3308696
20151125,30400,32000,30400,31900,6941459
20151126,32400,34150,32250,32750,13223992
20151127,33200,33600,32000,32000,3890920
20151130,32050,32650,31600,31600,3917877
20151201,31650,31650,30900,31350,3752942
20151202,31550,31900,31200,31200,2731791
20151203,31050,31350,30850,31150,1730137
20151204,30700,31450,30600,31200,2125421
20151207,31450,31700,30700,30700,2238378
20151208,30500,30750,30050,30200,2483443
20151209,30100,30550,30100,30250,1524501
20151210,30200,30550,30050,30300,3145787
20151211,30200,30550,29600,29850,2725258
20151214,29000,29350,28550,29000,3669577
20151215,29050,29600,28800,29400,2006190
20151216,30050,30500,29900,30400,2601080
20151217,30250,30550,29800,30250,2210682
20151218,29800,30700,29800,30600,2854920
20151221,30450,30800,30250,30500,1576561
20151222,31000,32200,30800,32200,6861264
20151223,32100,33000,31900,32700,5331047
20151224,32950,33150,31700,31700,3624175
20151228,31750,31850,30900,30900,2535636
20151229,30900,31550,30800,31200,1965713
20151230,31100,31450,30550,30750,1801261
20160104,30550,30750,30150,30150,1878039
20160105,30500,31200,30350,30600,2482905
20160106,30600,30900,30300,30750,2461593
20160107,30400,30750,30200,30200,2424880
20160108,29800,30100,29550,29700,3967121
20160111,29400,29500,28600,28650,5358223
20160112,28600,28900,27700,27800,4418384
20160113,28100,28450,28000,28100,3481523
20160114,27300,27900,27200,27900,3957935
20160115,27950,28300,26800,26800,5431851
20160118,25900,27000,25800,26700,3658921
20160119,26700,28300,26700,28300,4291742
20160120,28050,28100,26750,26800,4186899
20160121,26600,27250,26600,26600,2840628
20160122,27200,27600,27000,27150,2361216
20160125,27550,28200,27300,28000,2977310
20160126,28000,29100,27750,27850,5351814
20160127,28100,28350,27250,27650,3205822
20160128,27450,27750,26850,27650,3035447
20160129,27250,27350,26950,27300,2898720
20160201,28100,28650,27700,28400,4767927
20160202,28450,28800,28150,28450,2865209
20160203,27600,27850,27200,27450,2705269
20160204,27700,28150,27600,28100,2459305
20160205,28100,28350,27900,28100,1484771
20160211,27000,27400,26950,27150,2468082
20160212,26850,27750,26850,27350,2429857
20160215,27750,28200,27500,27700,2162111
20160216,27850,29000,27800,28900,3851681
20160217,29250,30300,29150,30050,6106318
20160218,30550,30850,29800,30200,2972873
20160219,29950,30050,29250,29600,2336536
20160222,29400,30000,29400,29900,1366180
20160223,30100,30600,30000,30400,2123648
20160224,31050,31250,30600,30900,3480563
20160225,31400,31500,30650,30800,2527297
20160226,31000,31100,30450,30800,1282277
20160229,30800,30900,29600,30000,2989861
20160302,31050,31300,30650,30950,3567312
20160303,31550,32000,31100,31950,3898363
20160304,31800,32100,31550,31900,1913316
20160307,32150,32250,31500,31900,3487206
20160308,31200,31500,30300,30500,4616147
20160309,29900,30550,29650,30550,3503375
20160310,30550,30650,30150,30300,2734070
20160311,29900,30850,29900,30700,2117430
20160314,31100,31100,30250,30350,2062549
20160315,30350,30550,29750,29900,2078857
20160316,29900,29950,29050,29200,2902896
20160317,29350,29750,29100,29250,2768278
20160318,29500,29900,29250,29450,2864640
20160321,29800,29850,29300,29550,1783055
20160322,29700,30200,29550,30200,2546366
20160323,30100,30450,29850,30250,1868041
20160324,29850,29900,29350,29450,3587082
20160325,29450,29500,28900,29150,1978956
20160328,29000,29050,28150,28550,2795412
20160329,28850,29150,28700,28900,2343876
20160330,29150,29500,28650,28650,3512889
20160331,28700,28850,28000,28150,4336581
20160401,28450,28500,28050,28200,2991431
20160404,28100,28150,27800,27900,2823088
20160405,27900,28100,27600,27850,2032745
20160406,27550,27850,27450,27500,2410844
20160407,27450,27450,26750,26900,4588396
20160408,26950,27800,26900,27800,3718690
20160411,27600,27700,27150,27150,2425426
20160412,27200,27550,27100,27150,1850577
20160414,27600,27850,27250,27250,4761215
20160415,27450,27800,27350,27650,2785108
20160418,28000,28150,27200,27200,3861103
20160419,27500,27550,27350,27450,1843729
20160420,27500,28000,27500,27550,3231788
20160421,27700,27950,27500,27550,2999400
20160422,27450,27800,27350,27500,1556764
20160425,27650,27800,27350,27500,1506644
20160426,27550,29200,27550,29150,7750203
20160427,29300,29750,29000,29150,6213757
20160428,29100,29150,27850,27900,6766879
20160429,27700,28250,27500,28150,2878692
20160502,27950,28300,27750,27850,1306092
20160503,27950,28100,27650,27650,1373116
20160504,27450,27500,26500,26650,4388484
20160509,26150,26550,25700,25750,5291220
20160510,25750,26400,25750,26400,2564593
20160511,26500,26550,26100,26200,1735332
20160512,26050,26250,25850,26100,1759282
20160513,26100,26250,25900,26100,1849910
20160516,26100,26300,25900,26100,1337159
20160517,26250,26300,25900,25900,1545947
20160518,25800,26400,25650,26200,2474774
20160519,26750,26900,26400,26600,4367007
20160520,26600,26650,26250,26300,2245019
20160523,26800,27450,26650,27200,4534043
20160524,27350,27350,26700,26850,2428278
20160525,27450,27450,26950,27050,2250906
20160526,27150,27200,26850,27000,1938084
20160527,27200,28750,27150,28650,7719656
20160530,28850,29400,28650,29000,5492886
20160531,28650,29000,28200,28700,5414611
20160601,28850,29000,28400,28500,3630711
20160602,28600,29050,28000,28050,3443745
20160603,28150,28450,27400,27600,3680988
20160607,27700,28750,27650,28650,4435065
20160608,29050,29300,28450,28550,3940058
20160609,28700,29400,28650,29000,5336122
20160610,29150,29200,28700,29000,2413698
20160613,28650,28700,28000,28350,2607031
20160614,28150,29300,28150,29050,3490535
20160615,29350,30150,29300,29950,5751526
20160616,30250,30400,29350,29650,3687253
20160617,30000,30000,28750,29000,2891783
20160620,29800,30050,29050,30050,4501015
20160621,30050,30150,29550,29800,2376833
20160622,30200,30950,30000,30950,5122638
20160623,30900,31800,30850,31750,7147499
20160624,32800,33100,30450,31800,16852175
20160627,31350,32050,31050,32050,6146337
20160628,31150,31600,30650,31150,5072467
20160629,31800,32200,31700,31800,3801424
20160630,32000,32550,31700,32400,4571310
20160701,31800,32700,31600,32150,5289586
20160704,32250,32900,32050,32750,3192033
20160705,32650,32650,31850,31850,2577231
20160706,31100,31350,30300,30600,6314347
20160707,30750,31350,30600,30650,2715183
20160708,30700,31250,30550,31050,2424460
20160711,31750,32300,31650,32000,3938161
20160712,32250,32300,31550,32000,2523664
20160713,32700,32950,32450,32650,3779418
20160714,32500,33300,32450,33050,3145494
20160715,33300,33500,32650,32700,2580255
20160718,32900,33100,32500,32750,1515167
20160719,32900,33000,31950,32450,2340759
20160720,32300,32400,31850,32100,1775583
20160721,32400,32800,32100,32150,1879147
20160722,32150,32150,31200,32000,2442893
20160725,32300,32650,32150,32500,2147590
20160726,32400,32400,31100,32050,5028045
20160727,32600,33450,32550,33450,4762165
20160728,33150,33550,33000,33550,3586965
20160729,33550,34400,33450,34400,4660512
20160801,34700,35300,34600,34850,3274413
20160802,34600,34700,33650,33750,2123735
20160803,33300,34400,33000,33550,2698841
20160804,33950,34200,33350,33650,1477680
20160805,34300,34900,33950,34800,2830058
20160808,35150,35250,34400,34950,2157854
20160809,34850,35200,34450,35050,2112078
20160810,34900,35000,33650,33800,3193311
20160811,33700,34800,33450,34800,2980478
20160812,34450,35100,34200,34350,2437735
20160816,34950,34950,33700,33700,2883043
20160817,33750,33900,32900,33550,2083372
20160818,33550,34250,33550,34150,1855081
20160819,34400,35400,34200,35400,4683750
20160822,35500,36050,35250,36000,4149396
20160823,36250,36300,35550,35600,3014421
20160824,35900,35950,35300,35750,1689924
20160825,35100,35750,34900,35700,1568516
20160826,35850,36350,35750,36250,2635343
20160829,35350,36400,35300,36250,2782441
20160830,36800,36950,35550,36300,2766460
20160831,36400,36450,35750,36450,2832970
20160901,36400,36400,35700,36100,1713669
20160902,36100,36700,35950,36650,1828390
20160905,36900,37500,36850,37500,2337575
20160906,37750,38000,37350,38000,2123160
20160907,38200,38800,37900,37900,3786844
20160908,37900,38700,37900,38700,3698781
20160909,38550,39000,38350,38950,2748415
20160912,37500,38300,37000,37000,4885896
20160913,37600,38300,37500,37800,3928646
20160919,38700,39450,38250,39200,5283684
20160920,39200,39450,38750,39250,2594490
20160921,39000,39150,38650,39150,1731450
20160922,39800,39800,39150,39400,3214630
20160923,39550,39650,39050,39350,2095120
20160926,39350,39500,38800,39500,1669862
20160927,39400,41150,39150,41150,4001505
20160928,41300,42000,40950,41200,4189804
20160929,40600,40750,40150,40200,3976705
20160930,39750,40950,39600,40200,3764773
20161004,41500,41800,41000,41800,3639803
20161005,42150,42950,41200,42600,4387312
20161006,43100,43150,42400,42550,2815496
20161007,42700,42700,41900,42200,2637734
20161010,42200,42500,41200,41300,2916252
20161011,41300,42000,41100,41300,2810503
20161012,41000,41900,41000,41250,3521492
20161013,41450,41700,40950,40950,3638071
20161014,41300,41900,41200,41550,2708972
20161017,41750,42300,41400,42300,2314725
20161018,42200,42300,41300,41650,2559222
20161019,41150,41450,39850,40050,5033246
20161020,40250,40300,38850,40050,5423960
20161021,39500,41000,39500,40950,2436212
20161024,41000,41150,39850,40150,2211109
20161025,40350,41650,40200,41050,4469224
20161026,41300,42900,41300,42900,6364037
20161027,42900,43600,42600,43000,4814197
20161028,42700,42950,42100,42450,2251179
20161031,42500,42900,41000,41000,3297943
20161101,41700,42350,41600,42000,3173446
20161102,41250,41400,40450,41000,2822651
20161103,40900,41700,40700,41150,2580396
20161104,41150,41400,40850,41200,2600930
20161107,41800,42050,41200,41500,2033220
20161108,42100,42150,41250,41500,1882987
20161109,41650,41750,38700,39650,5779291
20161110,41000,41050,40500,41000,2520434
20161111,40000,40450,39550,39850,2962651
20161114,40000,40450,39700,39700,1589911
20161115,39700,40400,39500,39700,2030086
20161116,40450,41000,40250,40850,2101878
20161117,41500,41900,41200,41900,2383464
20161118,42300,42400,41700,42000,3331134
20161121,41800,41900,40650,40750,1883627
20161122,41250,42800,41200,42700,3306186
20161123,43000,43900,42550,43050,4047443
20161124,43350,43850,42500,42650,1789745
20161125,43050,43300,42250,42600,1328958
20161128,42400,43250,42100,42600,1513215
20161129,42400,43100,41800,42400,1777480
20161130,42900,43800,42650,42900,4325524
20161201,43000,44400,43000,44200,3491185
20161202,43350,44500,43300,44400,4244113
20161205,44050,44600,43800,44400,1703219
20161206,44700,45500,44600,45200,3099065
20161207,45750,45800,45200,45250,1984369
20161208,46200,46650,46100,46250,3313157
20161209,46450,46750,45450,45500,3003326
20161212,45750,45850,44850,45300,1440589
20161213,44700,45700,44700,44950,1822952
20161214,45350,46100,45350,45850,2010708
20161215,45850,46050,45000,45600,1828843
20161216,45800,46450,45700,46400,2100809
20161219,46250,46300,45050,45150,1997194
20161220,45400,45550,44950,45150,1110753
20161221,45500,45750,45000,45000,1662010
20161222,46000,46650,45150,45500,4045912
20161223,46200,46400,45950,46300,2982024
20161226,46200,46600,45250,45650,1603230
20161227,45550,45950,45400,45650,1175619
20161228,45350,45750,45100,45350,1296254
20161229,45150,45200,44600,44700,1808856
20170102,44750,46000,44600,45800,1547681
20170103,46200,47300,46200,47250,2655477
20170104,47000,47150,46200,46500,2722599
20170105,47000,47500,46850,46950,2377163
20170106,47700,48450,47600,48000,3166843
20170109,48500,49750,48200,49550,3871999
20170110,49850,50200,49200,49750,2561968
20170111,50000,51900,50000,51600,4360058
20170112,51600,51600,50400,50600,5060622
20170113,49850,50700,49850,50300,4219771
20170116,50100,50300,48800,49300,4974924
20170117,49300,50200,49250,49300,2309955
20170118,48950,49400,48300,48850,2974091
20170119,49550,50100,49100,49600,2332268
20170120,49700,50100,49150,49150,1943195
20170123,49950,51000,49900,50800,4148659
20170124,51300,52000,51100,51600,3449130
20170125,52200,52500,51600,51700,2715809
20170126,52500,53500,52400,53300,4517114
20170131,53300,54500,52700,53700,4118790
20170201,54300,54900,53700,54000,2813046
20170202,53500,54000,52700,52800,3486140
20170203,52500,53700,51800,53700,3718619
20170206,54200,54400,53300,53700,1897002
20170207,53800,54500,53100,53300,2405891
20170208,53700,54600,52400,54600,3552260
20170209,53100,53700,52500,52700,6547266
20170210,52000,52200,50000,50000,9120878
20170213,49550,51000,49500,50700,4124290
20170214,51100,51600,48100,48450,8593878
20170215,48300,48700,47550,47900,8725221
20170216,48350,49600,48200,49600,4840918
20170217,50400,51100,50200,50400,4927937
20170220,50900,51000,49600,49900,2265276
20170221,49950,51000,49350,50900,2227708
20170222,51600,51700,50600,50600,2678429
20170223,50000,50400,49050,50200,3374139
20170224,49850,50000,47400,47500,7707747
20170227,46850,47000,45650,46000,7604699
20170228,46600,47600,46200,46700,5588155
20170302,46850,47850,46800,47700,7093071
20170303,47650,48250,46700,47100,3937032
20170306,47600,49400,47550,49350,5045970
20170307,49100,49300,48050,48800,3439908
20170308,48800,49300,47900,48000,3728263
20170309,48200,48850,48000,48000,2957372
20170310,48100,49550,47500,49200,3849912
20170313,49550,51100,49300,51000,4948062
20170314,51800,51900,50300,50300,4024138
20170315,49350,49500,48550,48800,4688787
20170316,49350,49650,48500,49150,3458839
20170317,48400,48400,46600,46750,8098258
20170320,46950,47650,46550,47600,3929405
20170321,47900,48250,47000,47550,3720816
20170322,47000,48800,47000,48650,4157526
20170323,48950,49300,48150,48450,2473925
20170324,50000,50200,49300,49500,5174622
20170327,50000,51100,49950,50700,5607032
20170328,51200,51300,50000,50800,2862493
20170329,51000,52200,50800,51300,4154277
20170330,51100,51500,50200,50900,2204243
20170331,50800,50800,49900,50500,2682196
20170403,50800,51900,50700,51800,2361892
20170404,52100,52200,50800,51000,2192884
20170405,50600,51000,49950,50300,2758658
20170406,50300,50500,49100,49400,2991825
20170407,49450,49800,48700,49800,2645476
20170410,49700,49750,48950,49000,1824895
20170411,48550,49350,48400,48850,2384127
20170412,48800,49200,48550,49000,1694663
20170413,49100,50200,48650,49750,2367158
20170414,49750,50700,49450,49800,2845128
20170417,50200,50300,49100,49200,2002100
20170418,49600,50400,49300,50200,1899560
20170419,50300,50400,49850,49850,1587172
20170420,49750,51700,49700,51400,3573280
20170421,51800,52500,51300,52000,3834454
20170424,52700,53200,52100,52400,3158545
20170425,52800,52800,51300,52400,5312931
20170426,53100,54200,53000,53700,5609007
20170427,53800,53900,52700,53600,2743963
20170428,53600,54700,53400,54000,3573387
20170502,55300,55900,54800,55400,4347745
20170504,55900,55900,55000,55900,2780438
20170508,56000,57000,55700,56900,3818771
20170510,57400,58100,55200,55600,4766870
20170511,56000,56400,54800,56400,3509393
20170512,56400,56400,55100,55300,2303244
20170515,55300,56100,55300,55600,1542366
20170516,56200,56800,55200,55300,2546047
20170517,55400,55700,54400,54700,2485465
20170518,53600,55700,53400,55700,3494997
20170519,55100,55600,54200,54200,2860160
20170522,54900,56000,54800,56000,2544180
20170523,56400,56500,55000,55100,2410542
20170524,55700,56500,55600,55800,2324952
20170525,56400,56400,55400,55800,1996135
20170526,56000,57100,56000,57100,3145737
20170529,57700,58800,57100,57900,3294700
20170530,58200,58400,56600,57400,2368225
20170531,57400,57900,56500,57000,3314659
20170601,56700,56900,56100,56400,2006611
20170602,56900,57500,56400,57100,2481215
20170605,57200,57200,55900,56100,2525078
20170607,55900,56900,55400,56500,3040030
20170608,56500,57000,56200,56700,3943311
20170609,56700,58400,56500,58300,4799560
20170612,57200,57900,56800,57500,2650404
20170613,57700,58900,56900,58800,3431811
20170614,59200,60000,58800,59300,4441904
20170615,59300,61000,59300,60600,4549233
20170616,61100,61600,59900,60500,3932203
20170619,61300,63200,61300,62800,5315543
20170620,64700,65400,63700,64000,6519471
20170621,63300,66300,62900,64800,5650669
20170622,66500,66500,64500,65000,4977159
20170623,64500,65400,63500,65000,3189590
20170626,65000,67500,65000,67500,3516630
20170627,68200,69600,67000,69200,4951341
20170628,68100,69200,66800,67200,5520578
20170629,67900,68800,67100,68500,3702501
20170630,67400,67800,67000,67400,3230282
20170703,66500,66900,65500,66300,3763473
20170704,65900,67100,65300,65800,2895782
20170705,65600,68200,65300,68000,4557456
20170706,69000,69400,67500,68100,4048922
20170707,67600,68400,66100,66600,3242213
20170710,67000,67500,65700,67300,2667048
20170711,67400,69000,66900,69000,3187332
20170712,68700,69500,68400,68900,3462150
20170713,69500,71900,69200,70600,5432312
20170714,71400,72200,70700,71100,2931832
20170717,71800,71900,70200,71200,2804598
20170718,70700,71800,70600,70800,2066194
20170719,71200,71200,70000,71000,2009799
20170720,71400,71700,70800,71300,1647153
20170721,70800,71300,70300,71200,1599111
20170724,71300,73000,71000,73000,3598173
20170725,72900,73000,70100,70400,6028435
20170726,69600,69900,66700,66800,9659618
20170727,66800,69500,66800,68400,6177375
20170728,67800,67900,64200,64600,8093780
20170731,63700,66000,63700,66000,4769724
20170801,65300,66500,64700,65500,3744523
20170802,67900,68200,66600,68000,4161592
20170803,67900,67900,65200,65500,4992104
20170804,65100,66100,63200,64000,5938549
20170807,64000,65000,63700,64100,3518575
20170808,64900,66400,64800,66300,4372768
20170809,65400,65400,64000,64200,4037319
20170810,63700,64600,63200,64400,4474120
20170811,62000,63000,61400,61400,6664578
20170814,63000,65100,62300,65100,5239246
20170816,67200,67300,65800,66100,4714899
20170817,66800,67300,66100,66400,3709768
20170818,64900,67300,64800,67000,3130891
20170821,67300,67800,66600,67200,2570150
20170822,67400,68200,67200,68200,2208365
20170823,69000,69000,67600,68000,3072911
20170824,68200,68700,67500,68100,2333347
20170825,68300,68400,67600,68400,1862764
20170828,68000,68100,67100,67900,1843458
20170829,67300,67900,66400,67600,2967906
20170830,68300,68900,68100,68500,2118742
20170831,68900,69300,68200,68600,2054717
20170901,69000,69200,67700,68700,2304425
20170904,66600,68600,66600,68100,3234465
20170905,68600,70100,67900,69900,4026248
20170906,69900,71900,69700,71700,4476200
20170907,71600,72800,71200,71400,3877849
20170908,72000,72800,71500,72600,2868673
20170911,73600,74200,73200,73800,3321612
20170912,74800,74900,73500,74700,3676865
20170913,75000,77400,74300,75700,5682708
20170914,76300,76800,75700,76800,3366621
20170915,76100,77500,76000,77200,2725277
20170918,78200,80000,77700,79700,3638325
20170919,80100,80500,78500,79200,3934389
20170920,79300,81200,78400,80700,5268665
20170921,81100,83400,80400,83100,6961713
20170922,82900,84300,82000,83100,5970218
20170925,83600,86300,83600,86300,4656285
20170926,84100,85100,81000,82100,11035272
20170927,83100,83800,81400,82400,5029200
20170928,84500,85500,82500,83200,4817018
20170929,83300,84300,82200,82900,3579139
20171010,86300,90000,85300,88700,7956055
20171011,89900,90300,88100,89100,5500820
20171012,89200,89900,88100,88500,4313702
20171013,88500,88500,85600,86100,6101810
20171016,86100,87100,82800,84200,6985619
20171017,85700,86600,83500,83500,6802500
20171018,83200,83300,80000,80900,9070685
20171019,79900,81800,79000,79000,7675978
20171020,79800,82400,79600,81200,6911051
20171023,82600,84700,82100,84700,5388391
20171024,84000,84200,81600,81800,5236092
20171025,82100,82600,80300,81700,3914170
20171026,80000,82000,78500,78700,7528077
20171027,78100,78700,76500,78400,8929263
20171030,79600,81300,79100,79800,5883529
20171031,80000,82700,79200,82200,6620890
20171101,86000,86000,84000,85300,7067296
20171102,85000,85100,83200,83400,4464960
20171103,83400,84500,81900,84400,4050123
20171106,83600,84100,83000,83500,3131468
20171107,82800,83300,82200,82400,2993945
20171108,82100,84400,81800,83200,3396387
20171109,83200,83500,81600,82400,3748489
20171110,81300,82800,81000,82000,2357772
20171113,82000,83100,81800,82300,2955651
20171114,83000,84500,82900,83400,3399976
20171115,83800,84200,81900,82000,3207872
20171116,82300,82800,81200,82500,3053355
20171117,83300,84800,83000,83000,4339090
20171120,83300,83300,81800,82100,2988991
20171121,83200,85000,82800,85000,5540888
20171122,86500,87700,86100,86800,4592670
20171123,86200,86300,84500,84700,2840382
20171124,84500,85400,83900,85100,2073899
20171127,86000,86700,82000,83100,7105679
20171128,82900,83600,81200,82600,4083144
20171129,82900,83000,82100,82400,2418748
20171130,77000,79600,76800,76800,11213748
20171201,77200,78800,77100,77400,4340592
20171204,77600,79200,76800,79100,4115752
20171205,77600,79300,77100,77900,3736568
20171206,78700,79500,77200,77500,3934238
20171207,78300,78300,75600,76000,5166136
20171208,77500,78900,76900,78700,3660716
20171211,79000,79500,78000,78700,2493176
20171212,79000,79000,77100,77800,3746347
20171213,77400,77500,76200,76800,3485920
20171214,77200,77600,76000,76000,5552560
20171215,77100,77400,75600,75700,3374982
20171218,76200,77300,75900,77200,3237589
20171219,78400,80800,78200,80200,6782210
20171220,80900,81600,79900,80100,4375810
20171221,80200,80600,76900,77000,4831110
20171222,76400,77400,76300,76700,3382954
20171226,76600,76900,74000,74000,6253943
20171227,75400,76400,74400,75100,4291492
20171228,75400,76700,75200,76500,2825939
20180102,77300,77300,76200,76600,2014838
20180103,78100,78800,77300,77700,3097644
20180104,78700,79700,77100,77100,3729328
20180105,78400,79400,78300,79300,3395065
20180108,79500,80000,77400,78200,2960495
20180109,78300,78900,76300,76900,3343874
20180110,76700,76700,72500,72900,9123901
20180111,73200,73800,72000,72600,3777867
20180112,73300,74500,72000,74400,5659087
20180115,73700,74100,72500,72700,3541267
20180116,72700,74700,72700,74400,4383229
20180117,74400,75000,73700,74100,3256624
20180118,75800,76800,74600,75200,6199800
20180119,75300,75800,73000,73300,3898397
20180122,72800,72800,70700,71100,5610463
20180123,71800,72200,70900,71300,4671451
20180124,71600,73200,71500,72400,3802939
20180125,73400,76200,72300,75800,8758929
20180126,76400,76400,74200,75500,4296170
20180129,76500,77000,75000,75300,3618328
20180130,74300,74600,73100,73100,5443314
20180131,72200,74500,72200,73500,5800892
20180201,74900,75200,74000,74400,2987816
20180202,74500,74600,71800,72200,4343077
20180205,70200,70900,69800,70200,4058439
20180206,69100,71300,68200,70200,5679965
20180207,73700,73800,70800,71100,6007913
20180208,71900,74200,71600,73900,5586858
20180209,72100,74200,72000,73400,5118112
20180212,73700,74700,73400,74500,3317876
20180213,75900,77800,75800,77700,7814367
20180214,78400,79500,77000,77600,3943628
20180219,78900,79000,76100,76500,3350577
20180220,76400,76500,75200,75500,2507719
20180221,75800,77200,75800,76900,2653870
20180222,76100,77400,75700,75900,1879461
20180223,76100,77600,76000,77300,2404473
20180226,78300,78500,77200,77500,2327486
20180227,78700,79200,78400,78700,3395415
20180228,78600,79200,76600,76800,3102987
20180302,76300,77800,75900,77400,2673152
20180305,77500,78900,77100,78300,3415061
20180306,80100,82500,80000,82400,7588369
20180307,83600,83900,82400,82700,4992841
20180308,83900,84300,81800,83500,4440076
20180309,84400,85900,83100,83300,5159197
20180312,84900,85600,84300,84900,2744795
20180313,88000,90000,87600,90000,8775741
20180314,89300,90900,89200,90700,5939290
20180315,90300,90500,88600,89600,4106667
20180316,88500,89900,87200,89800,5006430
20180319,90200,91500,89500,89900,3743718
20180320,88900,89700,88000,89600,3083666
20180321,89600,90300,88000,88400,2942484
20180322,88800,89300,88000,88600,2698169
20180323,85100,86400,82800,83100,7310739
20180326,82300,84000,81000,84000,6121334
20180327,84700,84800,80100,81400,7184488
20180328,79900,82200,79600,80300,4820673
20180329,80800,81300,79600,80300,3618849
20180330,81200,83300,81100,81300,3681673
20180402,81700,82800,81100,81300,2342407
20180403,80300,81800,78700,81800,3553815
20180404,82500,83000,80000,80400,2964537
20180405,82200,83200,81200,82900,3255356
20180406,80000,80600,79300,80300,5693281
20180409,80000,81200,79300,80600,3231256
20180410,80000,80800,79200,80400,2924054
20180411,82400,82400,81000,81200,3053453
20180412,81900,85100,81500,84000,5725102
20180413,85000,85900,83900,84200,3032369
20180416,84200,84700,83400,84000,1489091
20180417,83900,84000,82300,82800,2501282
20180418,84100,85400,83700,84600,3375376
20180419,85800,88200,85300,87900,5901782
20180420,85900,86300,84000,84400,4590640
20180423,83400,85300,83300,84400,3002461
20180424,83300,83400,80400,82100,6804182
20180425,81600,83000,80900,82400,3845661
20180426,83800,87100,83300,86500,7551747
20180427,88500,88800,86800,87100,4961867
20180430,85400,85700,84000,84500,4653153
20180502,85900,86000,82900,83100,5444240
20180503,83200,83900,82800,82900,2362792
20180504,83500,84100,82600,83000,2696141
20180508,84500,85300,83200,83500,2979605
20180509,84300,84700,83100,83400,2284106
20180510,85400,85800,84500,85800,3274963
20180511,86600,86800,85400,86100,2107047
20180514,86100,86300,84500,85400,1959236
20180515,86000,86000,83900,84600,2239370
20180516,85000,87000,84800,87000,3040180
20180517,88400,88700,86000,86700,2864278
20180518,87200,88000,85400,87900,2187789
20180521,88400,89400,87400,89100,3262983
20180523,91900,95500,91500,95300,10378915
20180524,95300,95900,94600,94600,3220029
20180525,94300,97700,93900,95200,4145819
20180528,94600,95600,93700,94500,2505786
20180529,94600,96100,93500,94800,2733549
20180530,94800,95700,92800,95000,3808299
20180531,94500,94700,92800,93400,5996671
20180601,90800,92200,89600,91400,4790644
20180604,91000,92400,89700,89800,3141036
20180605,89800,91300,89800,91000,2758383
20180607,92700,92700,90600,90900,2754947
20180608,91000,91000,87600,88400,4579508
20180611,88800,90200,88100,89200,2535933
20180612,89900,90100,88200,88400,1876012
20180614,88300,88300,86300,86300,4646948
20180615,87400,87800,86100,87000,2945006
20180618,86800,86900,82300,84000,4723914
20180619,84100,86100,83700,84100,3824878
20180620,85800,88100,85000,87800,4183210
20180621,88900,89300,87500,88500,3274612
20180622,87300,89500,86700,89500,2569978
20180625,88800,88800,84600,84800,4420542
20180626,82500,84800,82400,84300,5518522
20180627,85700,86400,85200,85200,3798356
20180628,83000,84000,82500,83500,3838303
20180629,83500,85700,83400,85700,3003603
20180702,85000,86000,83400,83700,2033542
20180703,85000,86500,84500,86100,2817592
20180704,87800,87800,84400,85000,2744382
20180705,85000,87300,85000,86200,2059342
20180706,86200,86200,83600,85300,3482186
20180709,85300,87600,85300,87600,2127205
20180710,88400,88600,86700,87300,2002682
20180711,86500,87600,85900,86800,2037358
20180712,86800,87000,85400,85600,3032951
20180713,86500,90100,86500,88800,4535954
20180716,88700,89300,87800,89300,1896459
20180717,90100,90200,88500,88600,1570129
20180718,89700,91000,89100,89300,1937496
20180719,90400,91200,90300,90300,2383489
20180720,89700,90000,87200,87900,3726334
20180723,86300,86400,81200,81700,7076375
20180724,82500,83800,81700,83600,4023740
20180725,83400,84000,80200,80500,4154596
20180726,81300,83800,78600,83100,6218102
20180727,83700,86400,83100,86100,4943923
20180730,86200,86400,85100,85900,2301941
20180731,85200,86300,84500,86300,2804543
20180801,85900,86400,85100,85600,2265008
20180802,85000,85600,82900,83200,3373964
20180803,84000,84100,83100,83300,1928574
20180806,82200,82300,79300,79400,5910100
20180807,80100,80800,79700,80700,3288142
20180808,81500,81600,79400,79800,2804784
20180809,80100,80300,77500,78000,5587662
20180810,77200,77600,74600,75100,6785694
20180813,74300,75700,74100,75400,3734794
20180814,75900,76600,75500,75900,3206407
20180816,73500,75400,72500,74700,5550888
20180817,74400,75500,74100,74500,2647963
20180820,74700,75400,74400,74700,2048829
20180821,74800,78700,74400,78400,5663191
20180822,79300,80900,78200,79800,5295710
20180823,80300,81300,79300,81100,3272130
20180824,80400,82200,79600,81800,3612709
20180827,82100,83800,81600,83500,3070598
20180828,84100,84300,81900,82400,4466308
20180829,82500,83300,81600,82800,2330703
20180830,82200,83500,81500,82700,2337573
20180831,81800,83000,81800,83000,2303812
20180903,82200,82800,80500,80600,2618619
20180904,80600,81600,80200,81200,1903734
20180905,80600,81000,79900,80000,2627619
20180906,78300,78900,77400,78800,4516654
20180907,74500,76200,74100,75900,8388278
20180910,75900,77100,75500,76500,4167711
20180911,76400,77800,76300,76600,3197796
20180912,76200,76200,74700,75100,4330147
20180913,74300,75200,73900,74500,5257563
20180914,76100,77800,76000,77700,4124842
20180917,78000,78200,76700,77200,2252063
20180918,76600,78300,76100,78000,2450163
20180919,79400,79700,78400,78800,2912259
20180920,78600,79900,78000,79100,3392490
20180921,77100,77500,76300,76700,5678068
20180927,75900,75900,74700,75000,5841083
20180928,75300,75900,73100,73100,5824873
20181001,74300,74600,73200,73700,2970456
20181002,73600,74000,71600,71700,4089558
20181004,71700,72200,69800,70000,5778810
20181005,69700,71100,69400,70300,5508014
20181008,69500,71800,69400,71200,2856291
20181010,70300,71100,69800,70300,4161114
20181011,67600,70200,67500,69000,4936490
20181012,69200,73200,69200,72400,4882184
20181015,71600,71700,69900,70300,3727297
20181016,70300,71000,69600,69700,2211661
20181017,71400,71700,70300,70400,2653053
20181018,69600,69900,68700,68700,2849229
20181019,68100,70900,67800,70800,2688930
20181022,69600,70900,69600,70000,2377240
20181023,69600,70000,68600,69100,3175869
20181024,69400,69600,65800,66700,5703361
20181025,64700,66000,63200,64700,5859332
20181026,65100,67100,62900,67000,6211406
20181029,66600,67800,64800,66800,4252977
20181030,66000,70900,65900,68200,6101533
20181031,69300,70400,67600,68200,5038931
20181101,68900,69600,67800,68300,3218076
20181102,70600,72800,69100,72600,5334082
20181105,72000,72100,70100,70500,3389386
20181106,70500,70600,69100,70100,2624868
20181107,70400,72300,70100,70800,3770119
20181108,72900,73300,72600,72900,3930969
20181109,72400,73600,71900,72900,3414946
20181112,72200,74500,71800,74500,3328433
20181113,72300,72500,69900,71900,4730929
20181114,71400,72100,70200,70400,2783377
20181115,70800,71800,70400,71800,1564647
20181116,72600,72900,70000,70100,2894513
20181119,69600,70500,68900,69800,2303677
20181120,67000,68200,67000,67500,3325563
20181121,66900,68300,66100,68100,3100596
20181122,68100,69700,68000,69300,1966126
20181123,69500,69700,68400,69300,1499166
20181126,69200,71300,69000,70900,2361766
20181127,71100,71200,69700,70800,2293763
20181128,71000,72000,70700,71900,2441991
20181129,73700,73700,71200,71500,3270078
20181130,71500,71600,68800,69600,4167055
20181203,71000,71100,69800,70500,2760290
20181204,69900,70400,68400,69000,3222060
20181205,67200,68800,67200,68200,3008950
20181206,67800,68200,65700,66000,3902275
20181207,66700,67400,66600,66800,2590733
20181210,65900,65900,64700,65500,2206084
20181211,66000,66600,64800,64900,2457332
20181212,65000,66200,64900,66200,2901875
20181213,66300,66400,64800,65500,4062323
20181214,65200,65300,61200,61800,5617675
20181217,61600,62500,61000,62200,2506287
20181218,61000,61900,60800,61100,3098206
20181219,60800,61000,59700,60300,3561783
20181220,59300,59400,58100,58600,4889709
20181221,58200,60500,58200,60000,3946994
20181224,59600,60700,59200,60400,2101703
20181226,59400,60800,59300,60100,2455060
20181227,61600,61900,60600,61600,3047798
20181228,61700,62300,60500,60500,1647462
20190102,61300,61400,60000,60600,1934295
20190103,60200,60300,57500,57700,3337621
20190104,57500,58500,56700,58300,3388087
20190107,59000,59700,58400,58700,2273750
20190108,57900,60500,57600,59200,3062192
20190109,59600,63800,59400,63600,4928656
20190110,64100,65600,64000,65300,6034432
20190111,65400,65900,64200,65100,2890639
20190114,64300,65100,62000,62100,3282892
20190115,62200,64000,62200,64000,2413868
20190116,63800,64900,62700,64800,2478497
20190117,65500,66200,64600,64900,2830122
20190118,65000,65700,63900,64600,2263599
20190121,65900,67400,65000,67000,3977425
20190122,67900,68000,65700,66600,4047917
20190123,65500,67200,64800,66800,2825017
20190124,66900,70500,66900,70500,6914092
20190125,71600,74800,71100,74600,7163871
20190128,74700,74900,71200,71800,4972189
20190129,71400,73800,71000,73400,3368642
20190130,73500,76300,73000,75900,5304841
20190131,76900,77100,73700,73900,4447535
20190201,75400,76400,74700,75900,3349965
20190207,77500,78200,76600,76700,4249110
20190208,75200,75500,73000,73500,4012485
20190211,73000,74100,72200,74100,3374192
20190212,74100,76400,73900,75900,3526701
20190213,77300,77600,76100,76200,2378193
20190214,75800,77400,75100,77400,2313376
20190215,76800,76900,73800,73800,4154616
20190218,74300,75300,74000,74700,1772434
20190219,74500,74800,73000,73700,1462071
20190220,73700,76000,73600,75700,3134257
20190221,75300,77200,74600,76700,2874589
20190222,75600,76700,75300,76700,1882653
20190225,77300,77600,74800,75400,2865712
20190226,75000,75900,74100,75200,2483512
20190227,75300,75700,73700,73700,2864044
20190228,72500,72600,69900,70000,7869451
20190304,70300,71400,69900,70100,4931703
20190305,68300,70000,68300,69700,3465521
20190306,68500,69600,67400,68100,4958303
20190307,67200,68900,67100,68100,3402570
20190308,67900,68200,66200,66700,3571792
20190311,67000,67800,66200,66600,2869008
20190312,67700,68600,67500,67700,2753535
20190313,67700,67800,65900,66800,2851596
20190314,67400,67400,66400,67300,3107100
20190315,67400,68700,66700,68100,3645592
20190318,69200,69300,67300,67800,2158588
20190319,67300,68000,66600,68000,2285169
20190320,68400,70600,67600,70500,3642962
20190321,73500,76000,72600,75900,10030131
20190322,78900,78900,75900,76100,5286455
20190325,73700,74200,72600,72900,3752230
20190326,72900,73300,71500,72700,2987678
20190327,71800,74100,71200,73400,2744175
20190328,72300,73600,71700,72300,2774932
20190329,72900,74900,72700,74200,3214170
20190401,75600,77100,75500,76600,3579070
20190402,77900,78000,76100,76400,2719440
20190403,76800,79900,76500,79900,4674142
20190404,80400,81400,77800,78400,5436236
20190405,78200,79300,77900,79000,2191720
20190408,78900,79200,77600,77900,2663493
20190409,77700,78700,77400,77800,2322860
20190410,76700,78800,76200,78600,2689591
20190411,79200,79500,78000,78400,2614388
20190412,77400,78800,77400,78100,2317264
20190415,79000,79900,78600,79700,2019931
20190416,79900,80800,79100,80400,2206997
20190417,81000,82300,80000,80200,2886956
20190418,80800,81200,78500,79200,3295697
20190419,80500,82400,80100,81800,3040186
20190422,81500,81800,79900,80500,1887109
20190423,81000,81800,80400,81000,1779318
20190424,81500,81500,77500,78500,5318487
20190425,78400,81500,78100,80200,5586360
20190426,78500,79900,77600,78600,5183181
20190429,78700,80100,78200,80000,2987384
20190430,79400,80700,78100,79000,2960242
20190502,79700,81200,79100,80700,3092434
20190503,81100,81300,80300,80400,2481811
20190507,79200,80400,78700,79900,2700371
20190508,78700,80500,78000,80300,2731620
20190509,79600,79700,75200,76000,5939278
20190510,76100,76700,73400,74400,5702537
20190513,73900,75000,72800,73500,3062929
20190514,72200,75100,71600,74600,3712697
20190515,74800,75100,73900,74500,2056131
20190516,74400,75100,71600,71900,3467027
20190517,72500,73300,71400,71600,2412668
20190520,71800,72800,70700,70900,1970694
20190521,70500,72200,69700,70300,3893536
20190522,71300,71300,68500,68900,3128787
20190523,68400,69100,67300,68000,3108370
20190524,67300,68600,67000,67600,3339145
20190527,67900,68200,66400,66900,2214176
20190528,67200,68300,65900,65900,12052399
20190529,65600,66700,64900,66100,6056903
20190530,66300,66900,65800,65900,3023108
20190531,65900,66900,64700,65300,3191350
20190603,65200,67200,64200,66600,4020572
20190604,66500,66700,65100,65100,2892681
20190605,66900,67600,64900,65100,4832796
20190607,65200,66000,64600,65400,2355869
20190610,66100,67000,65800,66800,3091757
20190611,66900,67800,66700,67200,2429182
20190612,66800,67100,65700,65700,2437640
20190613,64900,65100,63300,63500,5947811
20190614,63200,64000,62600,63100,3686472
20190617,62800,63800,62400,63700,2435039
20190618,63800,64200,63300,63400,1549497
20190619,65800,67300,65200,67200,6230370
20190620,67200,67400,66200,67300,2773637
20190621,67100,67300,65900,65900,2403002
20190624,65900,67400,65600,66900,2164462
20190625,66700,67400,66300,66700,1873766
20190626,68300,69600,67900,68900,5024201
20190627,70100,71600,69700,70200,5361201
20190628,70900,70900,68400,69500,3117569
20190701,71000,71000,69700,70000,3538183
20190702,69700,71700,69100,71400,2495399
20190703,71100,71700,69000,69100,2790684
20190704,69600,70700,69300,70200,1503707
20190705,70300,71000,68400,68400,2043271
20190708,66400,68000,66200,67400,2202260
20190709,68400,70500,67900,69800,2912514
20190710,71500,73400,71000,72900,4346179
20190711,74000,75500,74000,75500,5111929
20190712,75600,75800,74400,74700,2638271
20190715,74500,76500,74400,76200,2122090
20190716,74800,76500,74800,76100,2450278
20190717,74600,75200,74000,74600,2805672
20190718,74300,75200,73900,74700,1902110
20190719,75900,77000,75600,76800,2635348
20190722,77800,79200,77000,78400,3213786
20190723,79700,80700,78200,78800,4814941
20190724,78800,80200,77100,77600,3562342
20190725,79700,80400,77700,79200,3963383
20190726,78100,80300,78000,79800,3095260
20190729,79000,79400,76500,77000,2616782
20190730,78200,80000,77700,78900,2371300
20190731,78000,79100,75300,76900,3712241
20190801,75300,78700,75300,77700,3397831
20190802,75400,76800,74900,76100,4845952
20190805,75500,76000,74900,75400,2889902
20190806,73100,73900,71900,72000,5008247
20190807,72000,74300,72000,73300,2692841
20190808,73600,74500,72000,72300,2943206
20190809,73200,74100,72300,73300,2100380
20190812,73700,75000,73500,74500,1254926
20190813,74000,75100,73700,74500,1304708
20190814,77200,77900,76200,76900,2561643
20190816,75800,76400,75100,76400,2015785
20190819,77300,77500,74800,75100,1591728
20190820,75500,76600,75100,76400,1694275
20190821,75900,76900,75500,75800,1898789
20190822,75300,76000,73800,73800,2309550
20190823,73500,75200,73400,74400,1695532
20190826,72600,73000,71500,71800,2645491
20190827,72500,73700,72500,73000,2512610
20190828,73500,73700,72500,73300,1380522
20190829,73500,74100,72000,73300,2050860
20190830,74600,78000,74600,77400,3839246
20190902,77000,78200,76500,77600,1431352
20190903,77200,77600,76300,77000,1611563
20190904,77400,80000,77300,80000,2723541
20190905,81400,83000,81200,83000,4068631
20190906,84000,84000,81500,81900,2418057
20190909,83100,84600,82500,84300,2642174
20190910,84200,84200,82700,83100,1761883
20190911,83400,84300,81300,82600,3650902
20190916,81000,81000,79000,79500,5174391
20190917,80000,80400,79100,79400,2538780
20190918,80100,80600,79500,80200,2706678
20190919,80600,82700,80300,82700,3612220
20190920,82800,83400,82100,82200,2447172
20190923,81900,83300,81900,82800,1413663
20190924,82500,83500,81400,83400,1662830
20190925,82200,82800,81500,81900,1644881
20190926,83000,83500,82500,83300,1734941
20190927,80200,81500,80100,81400,2625620
20190930,80600,82900,80400,82200,2442478
20191001,81800,82500,81700,82000,2370210
20191002,81600,81600,79500,79500,2188097
20191004,78900,81300,78900,80300,2430603
20191007,80700,81700,79800,80300,1229105
20191008,80400,81100,79400,80900,1816880
20191010,78900,79600,78100,79000,4389324
20191011,79800,80500,79400,80000,2186536
20191014,82000,82300,80400,80500,1972409
20191015,80700,81700,80500,81200,1518810
20191016,82400,82700,81900,82400,2436269
20191017,82000,82200,80600,81000,1713942
20191018,81500,81700,77300,77400,13625664
20191021,77800,78400,77100,77500,2096581
20191022,78900,79300,78200,79100,3453958
20191023,78500,78600,77700,77700,5373911
20191024,79900,80100,78700,80000,3076100
20191025,82400,82900,81500,82900,4229200
20191028,83400,84000,82600,82900,1977758
20191029,84000,84000,82900,83000,1645070
20191030,83400,83400,81000,81500,1927042
20191031,81900,83400,81600,82000,1978755
20191101,82300,83200,81600,83100,1848046
20191104,84000,84900,83800,84700,2182879
20191105,85100,85400,84600,85100,1953720
20191106,84800,85200,83500,83500,2127745
20191107,83700,84300,82800,83600,1594558
20191108,84600,84600,82000,82300,2074339
20191111,82500,82500,80700,81300,2174477
20191112,81900,83200,81300,83200,1555211
20191113,83300,83600,82300,83400,1370289
20191114,83200,83800,82900,83400,1517137
20191115,84200,85200,83400,85200,2394138
20191118,86000,86500,84700,85500,1827506
20191119,85400,86000,84600,85300,2260299
20191120,84400,85200,82600,82700,3315169
20191121,81700,82500,80500,80900,3346746
20191122,80900,82100,80700,81700,2089767
20191125,82300,83300,81500,81700,2602474
20191126,82000,84100,82000,82300,4521090
20191127,82400,83200,82000,82700,1326621
20191128,83100,83800,82500,82800,1413983
20191129,82500,82800,80700,80900,2139440
20191202,80900,81800,80500,80500,1945991
20191203,78100,79300,77300,78700,11657151
20191204,78000,78100,76800,77700,6164549
20191205,79800,79900,78000,78800,3667358
20191206,79300,80800,79100,80600,3054204
20191209,81300,81800,80700,80700,2290088
20191210,79800,80900,79400,80700,1831960
20191211,80700,81000,80100,80600,2009331
20191212,82000,83500,82000,83400,5247299
20191213,87200,88200,85800,87900,5831965
20191216,87200,89400,87000,88600,2652685
20191217,91000,93800,90200,92800,5070618
20191218,93400,94500,91800,93000,3434310
20191219,95400,96400,93400,93600,4938375
20191220,94100,95100,93700,95000,2791176
20191223,95800,96200,94100,94600,1720279
20191224,95000,95600,93800,93800,1464093
20191226,94000,95100,93500,94800,1559839
20191227,94800,97000,94200,96000,2229470
20191230,95600,96300,94100,94100,1862634
20200102,96000,96200,94100,94700,2342070
20200103,96500,97900,94300,94500,3021380
